------ Begin Next Fly'm ------
Running custom Workbench.lua
Extraction delay: 0.3
420,4.33501,0.659399
420,5.2723,0.642324
420,-7.7054,-0.404109
420,8.02373,1.26875
66,-11.2361,-0.0780475
420,1.8092,-0.742096
420,0.584039,-1.20533
420,-2.61422,1.16278
420,-0.233959,-0.733081
420,-8.30244,0.488853
420,-4.6972,-0.425705
420,-4.99962,-0.749418
420,-2.1946,0.752703
420,-6.74887,0.486357
420,5.18508,0.254479
420,-8.15831,0.746958
420,2.50634,0.639764
420,4.47123,-0.496057
420,7.60763,-0.82963
420,-6.89737,-1.82668
420,2.8384,1.00818
420,-8.01454,-0.00568215
420,-6.17507,0.263631
420,-2.27576,0.60662
420,-0.460577,1.13121
420,1.33285,-0.154688
420,4.89477,-1.09749
420,-1.60759,1.80505
420,3.80416,-1.29998
420,7.74216,0.184246
420,-6.94628,0.121095
420,-9.49236,0.751999
420,0.634217,-1.03407
420,1.79488,0.417076
420,7.22162,-1.32362
420,-0.252376,0.166596
420,-6.92617,-0.0316955
420,-1.22784,-0.246158
420,4.00465,1.62835
420,2.75356,-0.579567
420,-2.72624,0.75113
420,2.72625,0.125716
420,-6.21122,-1.13607
420,-0.334015,1.10137
420,0.994793,-0.336981
420,4.1379,-0.476823
420,-3.29112,-0.305227
420,-3.49878,-0.141776
420,-5.63804,-0.381234
420,-1.38189,2.24795
420,3.82787,2.13048
420,-4.59049,-1.91507
420,7.42133,0.166699
420,3.04026,0.410105
420,-3.93731,0.36611
420,7.62389,0.0636151
420,-7.24074,0.251738
420,1.44837,-0.551103
420,7.36826,1.02582
420,-4.18097,-0.298568
420,-0.925693,1.74973
420,-1.95608,0.166535
420,5.23073,0.563565
420,-5.81143,0.548753
420,-8.11075,-0.260311
420,8.13738,-1.38563
420,5.75955,-1.05955
420,1.4252,-0.639
66,-10.9922,0.596369
420,4.61001,0.275929
420,4.31721,-0.121293
420,-8.4668,-1.01009
420,-7.22402,-1.41668
420,-1.213,0.419199
420,6.19377,0.284198
420,1.01539,-0.0657878
420,-5.92267,0.449646
420,-6.75125,0.494045
420,7.49272,-0.246141
420,8.21113,-0.674113
420,-3.53841,-0.216463
420,6.16892,-0.447253
420,-6.45678,0.00211741
420,-5.9027,-1.946
420,4.72576,-1.29071
420,-9.13254,0.111944
420,-2.46177,1.24706
420,7.63382,-0.142164
420,-1.08056,-0.526047
420,-5.46087,0.544304
420,-0.619476,0.651316
420,-0.277208,-0.732836
420,9.16825,-0.831668
420,0.217742,0.683605
420,-0.899537,-0.269365
420,-3.53733,0.519368
420,-5.47411,-0.119674
420,-0.273288,-0.916718
420,0.313098,-1.78101
420,1.92418,-0.932632
420,-0.343706,-0.324402
420,-1.80818,-0.886745
420,4.54475,0.465592
420,0.266653,-0.61576
420,6.10718,0.623339
420,2.46311,-0.204553
420,0.82034,-0.770298
420,-7.61854,0.332519
420,-6.98975,1.0164
420,1.04774,-0.808818
420,0.318538,-1.19215
420,-6.35418,-0.430739
420,0.227504,2.25747
420,1.49707,-1.25932
420,6.7012,-1.26232
420,-2.14015,-1.72885
420,-4.43696,0.758225
420,-7.05989,-0.842123
420,8.57975,-1.21136
420,2.81983,-0.920474
420,0.323209,-1.26386
420,7.9266,0.183601
420,-8.89479,-2.24898
420,-7.53297,-0.457156
420,4.37327,1.27632
420,8.10982,-0.0109778
420,8.46477,1.05162
420,7.8633,0.685773
420,5.96441,0.869121
420,-6.26212,0.00845541
420,8.73241,-0.165039
420,-1.42884,-1.19369
420,-8.01532,-0.195556
420,8.38295,-1.02241
420,-4.72046,0.423595
420,1.6091,-0.402304
420,-3.03999,0.738703
420,1.33932,-0.681346
420,3.52166,-0.595311
420,3.26899,-0.487968
420,-3.00329,-0.464335
420,0.373497,0.800298
420,7.29159,0.594363
420,8.53522,-0.303145
420,1.92758,1.19331
420,3.26053,-1.59589
420,-6.90914,0.826973
420,-7.3562,0.197942
420,1.65751,-0.558174
420,3.52909,0.100329
420,8.99399,0.109199
420,4.56403,0.441549
420,6.79638,1.50691
420,-7.87069,1.3374
420,-5.36781,0.32701
420,-6.3713,1.54275
420,-4.28574,1.25256
420,-3.73654,1.3428
420,3.12696,-0.701467
420,8.5359,1.30095
420,-1.72403,1.26385
420,-4.35233,-1.539
420,-3.29405,-2.65228
420,8.13382,1.3354
66,-11.1094,-0.198329
420,-2.8482,0.495455
420,-8.16772,0.918966
420,-8.44386,-0.154427
420,-0.6176,-1.00497
420,-7.36802,-0.662052
420,8.50057,1.23798
420,8.15609,-0.712576
420,0.203618,-0.949692
420,-7.5525,1.52474
420,3.14186,0.219538
420,6.93182,-0.0224841
420,-3.74163,1.03235
420,2.45083,2.54495
420,-8.24976,0.0521828
420,3.12717,-0.250076
420,0.88344,0.0425712
420,1.70409,1.14036
420,2.28476,1.15671
420,-5.23677,-0.856564
420,-5.34483,-1.87274
420,4.04314,-0.702375
420,-7.08288,1.14699
420,5.0869,-1.91414
420,-7.55364,0.185591
420,-0.546884,0.428408
420,-0.377113,1.61352
420,6.88327,-0.909171
420,-8.40052,0.45498
420,2.77484,1.10294
420,-5.92504,1.55651
420,8.44365,-0.547864
420,2.95614,-0.119687
420,7.07543,0.275844
420,-3.56222,0.607964
420,-5.76994,1.02574
420,5.68162,-1.19433
420,-6.69087,-1.00939
420,5.82897,0.213701
420,-0.210083,0.79496
66,-11.3666,0.334531
420,-7.09477,-0.588552
420,6.52074,-0.086009
420,-6.8262,-0.738073
420,4.58839,0.588724
420,7.16001,-0.226285
420,8.19254,-1.748
420,-7.7409,-0.323909
420,8.31318,0.0524546
420,-0.968221,-0.881567
420,6.17966,-0.853203
420,4.38057,-0.0917306
420,-6.96956,-0.683078
420,6.44858,0.800318
420,2.66535,0.848928
420,6.69191,-0.245697
420,4.73845,-2.12002
420,-4.83171,0.772878
420,-4.28564,0.978599
420,-0.421869,-0.556437
420,-7.11646,-0.136597
420,2.77749,-0.410751
420,-7.30914,-0.331167
420,0.116963,0.577976
420,2.80749,-2.28437
420,3.0857,0.566441
420,-5.32341,-0.762184
420,-0.467755,0.720192
420,-3.47078,-1.65644
420,-5.15121,-0.344793
420,5.82556,1.328
420,-1.46627,-1.19608
420,-4.09678,-0.853026
420,-2.74229,-0.082485
420,3.4619,2.41779
420,0.119409,0.159596
420,8.4065,0.630112
420,-7.81286,-0.510728
420,4.09866,0.409895
420,1.23645,0.113507
420,8.23518,-0.461015
420,9.26662,0.123477
420,-8.56952,0.147735
420,-6.62842,-0.00616018
420,0.691067,1.03462
420,6.41634,-1.5213
420,6.46331,0.796273
420,4.15337,0.854267
420,-1.31249,0.482059
420,6.01617,-1.07852
420,3.94729,0.519556
420,-3.76553,-0.284141
420,-6.55009,-0.594786
420,7.55126,0.383933
420,-0.922995,0.205694
420,2.77376,0.269256
420,-1.60603,0.258782
420,-1.30957,-1.18926
420,-1.6268,0.29832
420,-1.82689,0.817388
420,-7.89141,-0.641465
420,0.553567,0.256628
420,8.23489,-0.372582
420,5.9343,0.713947
420,2.75135,-1.22852
420,-0.462396,1.13387
420,7.87695,0.154405
420,0.345955,-0.0745939
420,-0.750978,1.84581
420,-8.20541,-1.45334
420,-0.661847,0.138885
420,8.44675,-1.46338
420,8.5056,1.9509
420,-5.39419,1.50679
420,-2.30669,2.59835
420,7.60422,-1.9526
420,6.38319,-0.074718
420,-6.17036,1.04969
420,-4.92889,0.477489
420,-2.73225,-0.70403
420,-6.64109,0.125728
420,-7.89621,-0.418533
420,3.89023,2.11257
420,3.98579,0.489795
420,5.51033,0.30293
420,-3.27929,-0.890335
420,-3.81653,-1.00951
420,3.58507,-1.29591
420,-6.63419,0.542285
420,-6.45833,-0.0197867
420,-2.37596,0.770677
420,0.177768,0.885676
420,-0.356628,-1.14472
420,-4.42925,-0.50744
420,7.86757,-2.31982
420,0.0418379,1.14598
420,-6.11675,0.160986
420,-7.10957,-0.119859
420,2.43851,-0.631186
420,-7.42874,0.956719
420,4.73348,-1.00052
420,-3.23941,-0.0481307
420,-7.84679,-0.421688
420,2.31994,-0.790766
420,-5.3913,-0.55348
420,-9.03307,0.267365
420,-1.79465,0.200026
420,5.01742,-0.701352
420,-5.58722,0.830477
420,-0.632581,2.20304
420,8.21864,-0.290538
420,0.670867,-0.850487
420,5.63648,0.598892
420,-5.65188,-1.55522
420,4.76535,-0.526834
420,4.77512,-0.786752
420,6.1762,1.25244
420,6.95629,-0.286724
420,-6.87326,-0.879312
420,1.90905,0.912258
420,2.53453,-0.769822
420,-5.98332,-0.514474
420,3.84448,0.418614
420,4.31657,1.40424
420,-3.46981,-0.70288
420,1.64542,-0.390244
420,5.93376,0.841745
420,-4.85001,-0.822295
420,7.05899,1.04646
420,3.16141,-0.931107
420,-7.6505,-0.677785
420,5.51224,0.766601
420,1.01456,0.518031
420,7.98725,-1.25959
420,-3.55336,-0.490476
420,0.305428,-1.09039
420,-9.63019,-1.08371
420,2.90556,1.08756
420,-6.44558,-0.128271
420,-7.35974,1.32666
420,-0.805076,-0.754588
420,-8.52468,0.500478
420,4.77422,1.02549
420,6.89636,-0.797696
420,-5.32814,-0.619463
420,-4.25628,-0.304758
420,-0.714966,1.02916
420,-5.42711,0.0249427
420,-6.3755,-0.13905
420,-2.1367,-1.04706
420,-7.42592,0.813483
420,8.39344,0.362638
420,1.31912,0.125931
420,-2.50771,-1.90667
420,2.03468,-0.0224534
420,5.15861,-0.804715
420,-2.76326,0.71989
420,4.08291,-1.02727
420,-6.74977,1.10421
420,4.68052,1.18107
420,3.85525,0.1481
420,-5.60135,0.829094
420,0.840249,0.78544
420,2.34154,0.33242
420,7.70231,-0.78375
420,-5.66854,0.986254
420,-5.40303,-0.418847
420,4.8478,0.0844943
420,-8.55803,-0.0222896
420,-6.82473,-0.306517
420,-8.57378,-0.117074
420,-5.68669,0.136525
420,-8.37498,1.20282
420,-7.83855,-1.09215
420,-8.379,0.789748
420,-7.60653,-1.20752
420,-2.11195,-0.284097
420,4.17236,-1.30681
420,3.91381,-0.104677
420,-2.9418,-0.605743
420,-5.64586,-1.08249
420,8.04169,1.18351
420,-3.59249,0.345454
420,4.99646,-0.396682
420,1.83666,-0.190362
420,-3.58997,0.0288427
420,-7.89892,0.550769
420,-7.20473,-0.698263
420,-1.06831,0.928333
420,-1.87534,1.50632
420,0.805532,-0.649561
420,4.9919,-0.108753
420,2.10093,-0.436011
420,1.56927,-0.738761
420,1.97283,1.38348
420,1.53446,0.880853
420,8.81135,-0.348309
420,-0.116152,-0.621912
420,-4.22407,-0.380544
420,-5.38635,-2.51713
420,0.0397021,-1.04386
420,8.28534,1.13329
420,2.74118,0.926774
420,7.94755,1.33103
420,1.20054,-0.0382332
420,-3.08943,-0.223101
420,-8.10724,-0.734924
420,2.20558,0.715304
420,7.70816,-1.11227
420,0.099247,0.49503
420,4.97699,-0.68073
420,3.87324,1.797
420,-6.20396,1.68571
420,3.06718,-0.373621
420,1.44371,0.193594
420,-1.90573,-0.324963
420,2.67552,-0.610922
420,-1.87659,-0.478237
420,-3.58007,-0.463631
420,-3.23236,-0.248865
420,-0.955895,-0.630495
420,-1.636,0.78408
420,3.39279,-0.0989099
420,-3.74118,-0.403419
420,-0.367029,-1.75299
420,9.08375,-1.42729
420,-8.44786,-1.18758
420,-6.45821,-0.741431
420,-6.19324,0.220989
420,-3.04502,-1.41466
420,7.08217,-1.64925
420,3.87921,0.230314
420,-6.42698,0.937791
420,9.16699,0.0899625
420,-2.03844,-0.701385
420,2.5696,0.0487104
420,3.01372,0.873865
420,3.51273,1.24859
420,4.41107,0.334882
420,6.17976,-0.669506
420,-5.50552,0.401177
420,-1.4115,1.20391
420,1.94013,-0.0787228
420,0.0643084,-0.263933
420,-9.56836,0.303572
420,4.16664,0.145011
420,-0.330881,0.0335599
420,3.28068,-0.777257
420,-6.10964,-1.60213
420,-7.79183,0.138433
420,1.72391,-0.497686
420,1.93658,-0.484175
420,-5.82256,0.11361
420,-4.27623,-0.756527
420,-6.06762,0.752565
420,-8.09847,0.468738
420,-2.47321,-0.674515
420,3.23542,1.04705
420,0.654245,0.79654
420,7.11989,-0.51278
420,7.72657,-0.353779
420,-5.80961,1.72669
420,8.57235,-0.385536
420,-6.40658,1.40759
420,-7.57343,0.352728
420,4.38297,-1.58264
420,2.24013,-0.155512
420,-2.01027,0.386054
420,4.25412,-1.39976
420,7.0456,0.570723
420,8.06502,-1.14153
420,0.772148,1.54855
420,-1.50247,-0.879276
420,-1.55432,-0.79152
420,-0.445508,0.508101
420,-8.59761,0.205233
420,2.91182,-1.11835
420,4.85046,0.00531575
420,-5.89041,0.794967
420,3.17429,-0.123995
420,8.59065,-0.629681
420,2.75418,0.169674
420,-7.86807,2.50778
420,-3.39697,-2.24003
420,-6.98321,-0.0849195
420,-1.27851,2.28232
420,4.61104,-1.29994
420,8.62281,0.563446
420,-6.49488,-0.108905
420,-4.51462,0.171798
420,8.0686,-0.144885
420,-5.5789,-0.249668
420,8.60119,-0.0389027
420,-4.71201,-2.41604
420,-6.57554,-0.161187
420,-7.74985,-0.771066
420,-9.09011,-1.12959
420,-8.01529,0.666373
420,-1.3881,-1.88411
420,-3.28491,0.764438
420,-6.64822,0.47108
420,2.54303,0.0327539
420,-6.42865,1.34528
420,1.88994,-2.15598
420,4.49145,0.330371
420,5.13849,-0.896199
420,-7.18298,-1.27185
420,-1.1964,0.776832
420,-3.62551,0.114979
420,-0.229371,-0.554517
420,4.47971,-0.402818
420,1.53485,-0.475905
420,-0.869302,-0.0949833
420,-7.47735,-0.412941
420,-6.00246,0.434774
420,-6.37946,-0.303523
420,3.96676,-1.23234
420,-1.83135,0.707186
420,1.28904,-1.68906
420,-1.64827,0.592819
420,2.40525,0.823628
420,5.90192,0.666801
420,-8.07638,1.07364
420,0.676339,0.0668183
420,0.342568,0.00301188
420,-2.79858,1.66313
420,1.55685,1.37762
420,-1.21106,-0.150578
420,-4.90833,0.300664
420,-5.4941,-0.261218
420,-3.62051,0.594651
420,3.71231,-0.0880614
420,2.19493,-1.78403
420,-2.35709,-1.18169
420,1.83906,0.303496
420,-0.0502798,-0.0796916
420,7.16011,0.53481
420,5.50976,0.0402029
420,-3.61733,0.0651468
420,-1.19292,0.738985
420,-7.29403,-2.13351
420,7.99529,0.87264
420,7.6241,-1.64652
420,6.11231,0.746286
420,-8.38002,-0.374905
420,6.90653,-0.480385
420,5.96037,-1.27825
420,5.91408,0.568244
420,0.763147,1.65186
420,8.32647,-0.454749
420,7.29625,0.494569
420,-8.69101,0.0396922
420,-0.153409,-0.168869
420,-2.38657,-1.91032
420,1.52935,-0.132531
420,-3.68748,-0.499276
420,2.85039,-1.06825
420,6.79506,0.00222185
420,-8.40001,-0.470446
420,7.69988,0.381696
420,-7.92574,-0.988733
420,4.63222,0.152777
420,9.40024,-1.35087
420,-1.4417,3.22464
420,-3.07679,0.174868
420,-9.09714,1.36703
420,3.80427,1.15209
420,-4.2822,0.501454
420,-6.42969,0.755156
420,3.71449,-0.88434
420,2.87043,-1.80397
420,8.05652,1.12902
420,3.27163,-0.719172
420,-7.93466,-0.594944
420,-2.44104,-0.488792
420,5.27274,-0.00338136
420,5.92703,0.208866
420,2.43359,-0.88546
420,-2.30441,0.781997
420,-8.64589,-1.0067
420,-2.49548,1.17986
420,9.17522,-0.528777
420,-6.41118,3.03158
420,5.44778,-0.488823
420,0.231506,-0.78435
420,5.75102,0.433983
420,-6.0289,0.544684
420,-1.15094,0.228314
420,7.09156,0.366562
420,5.17965,0.965486
420,-1.0636,1.11784
420,1.76303,-1.2234
420,7.27517,0.632567
420,-3.82356,1.39381
420,5.24226,-0.377947
420,-6.04004,0.303589
420,0.517299,0.787298
420,0.024881,1.0493
420,-6.85373,-1.63803
420,7.86586,0.211292
420,-5.31125,0.413987
420,-5.3485,1.58686
420,2.79234,-0.781043
420,4.34664,-0.651967
420,8.03883,0.496269
420,-7.8746,0.498662
420,0.0664301,1.221
420,-6.85917,1.16319
420,1.22529,-2.03948
420,6.86184,-0.909824
420,-7.75307,-0.782368
420,7.7305,-1.79095
420,4.67103,1.37338
420,5.12279,-0.11841
420,5.43161,0.0389247
420,9.15749,1.21578
420,3.65875,-0.898161
420,-5.58324,-0.959558
420,-0.894028,-0.964689
420,7.71451,0.687868
420,-0.796438,-0.43774
420,-6.8936,-0.604971
420,-6.25495,-1.03467
420,2.76601,0.678792
420,6.86493,-0.491832
420,-5.20691,-1.82929
420,-3.19389,0.393145
420,-5.36645,-1.07647
66,-11.221,-0.837918
66,-11.1117,0.585938
420,8.20566,0.0282374
420,4.36901,-0.249765
420,-2.20793,-0.830674
420,-7.35105,1.13078
420,0.368521,1.27329
420,-2.69501,-0.0446944
420,-3.57508,1.33338
420,-8.5484,0.00629616
420,0.999218,1.51549
420,-8.78974,1.20404
420,3.0477,-0.48987
420,-6.18955,-0.561853
420,-5.8439,1.05893
420,1.46093,-0.236057
420,6.17808,-0.413337
420,7.64315,-0.112451
420,3.30393,-0.695222
420,0.648488,-0.546629
420,4.78386,-1.20226
420,7.84726,0.362475
420,0.0239906,0.542917
420,-1.19205,-0.555875
420,-5.64343,-0.0922412
420,0.965161,0.522018
420,7.4214,0.860064
420,7.65097,-0.159759
420,0.457242,-0.719466
420,0.372555,1.9223
420,4.65181,1.59084
420,-2.87997,0.390256
420,-5.75779,-0.0588543
420,8.85975,0.23848
420,1.22056,0.215406
420,0.415118,1.08373
420,-0.989538,2.98269
420,-3.83775,0.378918
420,-7.60933,0.680171
420,8.29759,0.523559
420,-7.5988,-0.382127
420,-5.63402,-0.707989
420,5.63559,0.651968
420,7.34148,0.351935
420,-0.329896,-0.99066
420,2.29413,0.0359297
420,-8.01855,-0.891959
420,6.48346,0.737688
420,-6.51954,-1.51177
420,4.54105,0.303823
420,6.77501,-0.887107
420,7.25676,-0.651468
420,5.90776,-0.0783678
420,-3.91455,-1.30249
420,-6.20369,0.893666
420,5.89581,0.674686
66,-11.1655,-1.02409
420,1.94699,1.04357
420,-3.29316,1.31275
420,2.76331,0.198337
420,6.56353,0.611338
420,7.2068,0.35586
420,4.61452,-0.106046
420,-3.20954,0.861082
420,7.27751,0.749036
420,-2.37429,-0.208655
420,-6.26858,-1.26611
420,-6.71252,0.692153
420,-5.71759,0.352492
420,-6.15958,-1.7931
420,4.58536,-1.32731
420,2.98323,-1.38476
420,-0.109961,1.17834
420,-4.17466,-0.212326
420,8.99415,-1.00312
420,-3.9556,-0.662212
420,8.11919,0.799769
420,7.86164,0.280177
420,1.99224,-0.165703
420,-3.8355,1.62552
420,-3.77306,-1.02054
420,-7.933,-0.556828
420,4.68363,1.18151
420,0.589058,-1.5527
420,-0.0119063,-1.25974
420,-4.17231,0.470901
420,0.482018,-0.945438
420,4.46037,-0.384006
420,5.43263,0.873373
420,0.893972,0.777022
420,8.63989,0.760849
420,-6.94001,-0.668166
66,-11.0836,0.366261
420,5.52799,-0.543722
420,-7.87491,-0.477387
420,0.424326,1.45629
420,-9.33178,0.27812
420,0.416648,-0.950485
420,-0.202226,0.197239
420,6.58492,0.057062
420,-2.20592,-0.914863
420,2.08778,0.511227
420,3.27886,-0.383261
420,-1.63479,0.974617
420,1.23541,-0.231471
420,3.67951,1.01715
420,2.99225,1.04058
420,-9.07088,0.71168
420,-1.9488,1.3561
420,-5.67616,-2.15313
420,2.74547,-0.746374
420,-5.21885,0.937835
420,0.604144,-0.243585
420,-6.66959,0.616682
420,-4.7024,-1.42593
420,-0.111218,0.281324
420,0.791778,-0.538688
420,-5.51184,-0.444929
420,-2.14298,-0.00853364
420,-0.953721,0.552473
420,8.79073,0.10391
420,-3.77249,-0.0821554
420,4.70639,-1.18601
420,-0.329511,-2.11515
420,-8.58926,-0.261583
420,5.02811,0.861781
420,5.26615,0.128186
420,-1.00165,-0.877271
420,-5.79475,0.87121
420,-3.19442,0.200033
420,1.02894,-1.69129
420,9.41442,0.112324
420,8.49025,-0.631804
420,-4.19331,1.37482
420,3.78148,2.01612
420,4.84989,0.256781
420,5.92859,-0.0375358
420,-0.0610482,-0.216414
420,8.99616,0.990366
420,1.46399,-0.657717
420,-1.26474,-1.53667
420,4.20764,-0.344054
420,-0.506037,0.741881
420,4.46263,-1.20233
420,4.90349,0.0543997
420,2.04726,0.193411
420,-6.98378,-0.653596
420,-6.16603,1.56502
66,11.3526,-1.02282
420,8.30704,2.30294
420,-2.60878,-0.550144
420,-1.75608,-0.541725
420,-5.82267,-0.317774
420,0.220215,1.11984
420,2.56033,0.279659
420,8.18479,-0.326492
420,1.14913,0.753155
420,3.9482,-0.0289366
420,-4.8841,1.23775
420,-8.23682,-1.59933
420,-2.72501,1.0985
420,-1.67676,-0.637426
420,6.79363,-0.594513
420,-5.38985,-0.079824
420,-0.892295,0.0616086
420,7.04367,0.29934
420,8.97115,0.784742
420,5.49099,0.1393
420,1.39542,0.177366
420,-7.64147,0.471727
420,5.00023,1.57175
420,-1.65263,1.82445
66,-11.0827,1.05749
420,5.9025,-0.758318
420,4.29407,-0.330851
420,3.48124,-1.31858
420,-5.92573,1.69609
420,-6.49374,-0.432865
420,4.22135,-0.582884
420,-1.45343,-0.597316
420,4.69689,0.398498
420,4.61045,0.33971
420,1.26741,1.1532
420,-0.979156,0.378767
420,5.21305,-2.52984
420,-4.12295,0.125184
420,0.0823864,1.75344
420,-7.73856,1.33108
420,-0.517414,-0.0178506
420,1.04687,-0.372688
420,0.427517,0.193892
420,8.59521,-0.0294381
420,0.505455,0.247144
420,-0.571533,0.898092
420,-0.0634695,-1.01475
420,6.00313,1.07568
66,11.0854,-0.612251
420,-2.29509,-0.830077
420,8.78395,1.91987
420,5.29812,0.637298
420,-3.84405,-0.30084
420,-1.44728,-0.582638
420,-2.77223,0.689853
420,7.56434,-0.209131
420,-1.16546,-0.303614
420,4.04947,0.34993
420,-1.47523,0.241157
420,-9.45912,0.98513
420,2.84688,-0.0615549
420,7.5806,-0.50978
420,2.44252,-1.06093
420,1.68898,1.26205
66,-11.1211,0.838793
420,-5.50143,-0.4931
420,7.72958,-0.397339
420,1.99492,-0.501546
420,-7.98525,1.24367
420,-6.12994,-0.37284
420,-2.43542,-0.486935
420,-5.51296,-0.0495904
420,-7.33867,0.285511
420,5.78067,-0.49405
420,2.28626,-0.976822
420,6.95602,1.05137
420,-6.14436,-1.65781
420,2.56791,0.307799
420,5.04701,0.650556
420,2.84228,-0.106294
420,7.65588,0.184005
420,-7.84411,-0.563773
420,9.28425,1.14882
420,-1.80582,-0.804446
420,3.53177,-0.0950385
420,-7.19018,0.917048
420,-3.3178,0.459128
420,-3.47074,0.734541
420,1.02352,0.552614
420,6.49683,0.0865122
420,-2.04472,-0.932818
420,7.19386,-0.306115
420,4.40778,0.476651
420,-2.98553,0.304605
420,0.902159,-0.90583
420,3.74424,-1.94187
420,-4.92597,-1.04145
420,2.74948,0.0715334
420,-4.61206,1.47896
420,6.59908,-2.31094
420,-0.693627,-0.742237
420,0.507405,0.0196273
420,0.593594,1.32608
420,5.05183,-0.446677
420,-8.86568,-0.356238
420,-4.49008,-1.51189
420,-3.29627,-0.00940994
420,-7.20883,-1.30114
420,-6.2092,-0.231681
420,-7.04088,-0.919935
420,-5.30331,0.99326
420,1.28794,1.33687
420,7.06118,-0.611874
420,-3.2156,1.51611
420,6.68437,1.67201
420,0.215929,0.111311
420,6.15988,0.257004
420,5.10978,-0.293504
420,0.560358,1.5807
420,-0.153507,0.812043
420,-7.06799,0.91567
420,4.1249,-0.341601
420,-0.520835,0.38058
420,2.18487,-1.04868
420,7.93141,0.714685
420,-3.88558,-0.695658
420,8.87626,1.47586
420,0.0468707,-0.27684
420,-7.94961,0.382967
420,-7.64097,-1.64451
420,5.80119,0.110498
420,-6.84077,1.87469
66,11.1686,0.112091
420,4.47993,-0.0898922
420,3.45907,-0.986776
420,-3.85254,-1.32496
420,-0.295087,0.83515
420,1.23213,-0.00206605
420,9.37133,-1.13974
420,5.25519,-0.528897
420,-7.13224,1.06734
420,0.740502,-0.742797
420,-4.70506,0.963883
420,-0.442067,-0.249601
420,7.30832,0.730541
420,0.632107,-0.116386
420,6.80462,-0.658352
420,-5.21015,0.709388
420,-8.401,-2.14422
420,3.73074,1.85368
420,2.09461,2.01788
420,3.59247,-0.15118
420,-2.58045,-0.126724
420,3.44132,2.41583
420,6.99978,-1.26094
420,6.42653,-0.836401
420,-2.29089,0.656251
420,8.58778,-1.05307
420,-8.87849,-1.27169
420,5.59048,0.561822
420,-5.89599,1.27296
420,-4.43662,0.081817
420,8.80708,-0.552518
420,-0.554791,0.946773
420,4.21956,0.727276
420,2.20286,-0.119282
420,-4.00304,-1.19077
420,-5.6289,1.51189
420,4.63495,1.39079
420,2.61525,-0.576489
420,5.81367,0.447798
420,6.8431,-0.560199
420,-0.243554,1.43615
420,-9.56522,-0.599749
420,3.38982,1.63781
420,4.66195,-0.282398
420,-2.55128,-1.12054
420,-5.30715,-1.95221
420,1.30948,0.2393
420,-3.04648,0.42077
420,3.32671,-0.907506
420,1.95304,-0.274512
420,3.80306,1.06569
420,1.29831,0.482075
420,4.34068,1.20884
420,-3.54028,-0.317325
420,2.01534,1.7022
420,-8.13695,-1.07896
420,-4.27666,-0.632598
420,1.68909,0.838684
420,-9.494,1.27142
420,6.45028,-0.818014
420,-0.210105,0.592614
420,-0.690735,-0.552837
420,-7.04013,0.204208
420,4.29257,-1.6213
420,-1.56242,-0.170122
420,2.53843,-0.959741
420,5.45488,-1.12336
420,3.97898,0.993619
420,-3.67872,1.52499
420,9.38969,0.205086
420,-0.934377,-0.567545
420,-7.93898,-1.02909
420,-2.62983,-0.176531
420,-7.85455,-0.16542
420,9.32772,0.953388
420,6.93928,-0.210656
420,-2.62982,-0.330512
420,1.65157,0.4596
420,-1.06474,0.534403
420,1.45729,0.233406
420,-2.11578,-0.61438
420,1.17486,-0.779066
420,1.79474,1.45812
420,1.5585,-0.999772
420,-6.71244,0.973159
420,5.61777,-0.0669264
420,-0.0671489,1.73926
420,0.133555,-0.280934
420,1.0985,-0.136734
420,-0.763907,-0.633614
420,-8.32807,-1.19468
420,-6.76879,0.0798123
420,-3.83361,0.922254
420,-1.64004,0.3133
420,1.34213,-0.10271
420,-3.4432,0.558919
420,2.96368,-1.18404
420,-1.38858,1.34792
420,-1.83483,1.20573
420,-2.67451,-0.300444
420,-6.93784,0.822844
420,-8.10002,-0.511937
420,8.9229,-0.849647
420,5.25858,-1.46732
420,9.12537,-0.231645
420,2.59294,0.54976
420,6.92883,-0.955374
420,7.33972,-0.53493
420,5.92911,-1.30612
420,-7.63468,1.338
420,0.960779,0.290814
420,-6.0972,-0.488064
420,-8.04384,-1.10843
420,3.67874,-1.15134
420,8.07003,0.755828
420,0.388923,0.966864
420,-6.28479,-0.916688
420,-3.25806,0.651725
420,-0.681998,-0.922572
420,4.5427,0.784121
420,-6.34787,-1.23818
420,8.04087,-0.136945
420,-5.9007,0.867077
420,3.12589,0.240378
420,4.08228,0.931152
420,-6.40301,-2.84881
420,-3.27614,0.230902
420,7.92379,0.58115
420,3.27434,0.512334
420,-2.51021,1.17533
420,5.67314,0.00646519
420,7.34978,0.742799
420,-4.7319,0.324645
420,3.36277,-0.21538
420,-0.0624306,0.251433
420,3.0874,-0.309526
420,-6.64053,-0.279906
420,-2.05604,1.12079
420,7.00809,-0.949875
420,-0.446593,1.69253
420,-3.08293,0.511056
420,-0.516507,0.0819661
420,2.3999,-2.03824
420,-5.46794,0.228921
420,-0.71322,1.32929
420,-0.33542,-0.399678
420,8.74963,1.89148
420,2.38209,0.533253
420,-2.12565,-1.95402
420,0.427448,0.691182
420,0.0202424,0.614506
420,9.2931,0.0465819
420,7.03879,0.677702
420,7.29478,-0.0198494
420,3.16133,1.15992
420,2.72035,0.414504
420,7.98466,-0.768408
420,6.58409,-0.572099
420,8.78045,0.829958
420,-1.18508,0.713827
420,-6.69076,0.870145
420,-2.43199,0.448066
420,5.77688,-1.22317
420,-1.76212,0.502766
420,0.722098,0.576598
420,-2.22944,0.667353
420,5.60598,-1.77182
420,-1.59842,0.124125
420,-6.77891,-0.10055
420,4.01546,-0.18981
420,-7.05336,-0.0237785
420,-5.86679,0.851087
420,-9.30112,-0.212106
420,-4.79471,-0.688773
420,-0.913286,0.466574
420,-6.55852,1.00362
420,7.24376,0.795774
420,-7.47893,-0.367642
420,3.32744,1.56924
420,-6.27373,0.783097
420,0.614784,0.118286
420,-4.5849,1.40389
420,-8.25991,-0.0887091
420,-5.24243,0.00463842
420,8.10937,-0.691893
420,6.65566,-1.06123
420,2.71617,1.42121
420,-2.24266,-0.827892
420,1.63268,-1.53697
420,1.47564,1.08392
420,3.69065,-1.32982
420,-4.23696,-1.95884
420,-9.13705,-0.335351
420,-3.92443,0.651426
420,3.54434,-0.949265
420,-0.0506987,-1.06761
66,10.905,-2.08695
420,6.4562,-0.732154
420,-0.164433,-0.43707
420,7.53271,-0.627884
420,-3.33153,-0.697214
420,7.47716,-0.372054
420,7.93657,-0.0725963
420,-2.71446,0.595007
420,-4.13281,1.13002
420,4.58916,-1.09214
420,9.03215,-0.39657
420,-9.26475,-0.154026
420,-0.3354,-0.787131
420,8.42103,0.299434
420,3.51905,0.288131
420,1.97481,-1.79262
420,4.43668,0.721965
420,6.10691,1.4102
420,5.40068,-1.2663
420,-1.22584,0.635595
420,5.90731,-0.72193
420,-1.94633,-0.853779
420,-5.0533,-1.02479
420,-5.55668,-1.14517
420,0.266049,1.30804
420,8.27957,0.440015
420,-6.86702,-0.874579
420,-1.14209,-0.369255
420,-9.12318,-0.465608
420,-6.09845,-0.401295
420,-3.37234,-1.58571
420,-6.46383,0.754757
420,4.31445,-0.189959
420,-4.19033,-0.625414
420,-6.3879,0.597434
420,-3.14192,-1.49207
420,-5.93552,0.140776
420,1.268,0.55487
420,8.72067,-1.76419
420,0.528804,-1.1547
420,-3.79817,-1.15356
420,4.35041,-1.20926
420,5.23521,0.61652
420,-3.49354,1.09278
420,4.87456,0.514819
420,-4.02231,0.505073
420,0.236985,0.44747
420,-4.82769,-0.334415
420,-9.53114,1.30184
420,-8.43462,-0.841671
420,7.0694,0.594945
420,8.20016,-0.78758
420,4.9769,-0.487276
420,5.53948,0.218846
420,-5.03457,1.50976
420,-4.48617,-0.748513
420,-2.09039,-1.04359
420,2.4463,0.499015
420,5.44108,-1.87948
420,-5.96939,-0.443099
420,1.33317,1.0688
420,-5.23393,-0.110409
420,-3.77874,-1.37251
420,2.10608,-0.596605
420,-5.85892,-1.09422
420,3.11619,0.340093
420,-7.96919,-0.738898
420,-2.39068,-0.583381
420,-1.7303,-0.0681503
420,-6.974,0.405965
420,7.58888,1.20252
420,-3.10107,0.487597
420,0.0443381,-0.561686
420,-3.64926,1.02791
420,-8.14854,0.231557
420,1.45051,-0.0152615
420,-5.37311,1.43885
420,-5.82722,0.174314
420,-4.91858,-2.10574
420,4.81574,-0.274954
420,-0.372012,0.303513
420,-0.951533,1.90054
420,-4.56166,1.14047
420,-1.11832,1.41035
420,-2.22071,-0.552264
420,-5.57744,-0.881206
420,4.89205,-0.505461
420,3.71869,1.35088
420,-0.787252,1.50292
420,4.81131,1.42301
420,6.17934,0.434064
420,-0.330782,-0.681301
420,2.29601,0.866648
420,5.3997,1.1612
420,0.7224,0.491056
420,4.48898,-0.529696
420,-4.57714,-1.1706
420,3.12125,0.754074
420,-3.33817,-1.64673
420,4.79128,-0.832678
420,0.417489,1.13399
420,7.62805,-1.11017
420,-0.0296403,0.556776
420,-8.0634,0.280083
420,-2.64911,-0.915488
420,-0.33439,-0.0142675
420,-7.48752,-0.450612
420,2.90765,-0.177345
420,5.67661,0.689098
420,1.16886,0.269805
420,5.54467,0.0958406
420,-0.674915,0.0127109
420,-0.60849,1.82325
420,2.08922,1.03467
420,8.68953,-0.30633
420,0.996398,-0.721183
420,-4.26472,0.338706
420,6.06817,0.0969256
420,3.85672,0.338539
420,-0.129398,1.73501
420,6.92726,1.50859
420,5.00408,0.424799
420,-4.03313,0.850463
420,8.65497,-0.260801
420,3.87431,-2.01285
420,7.32112,2.62555
420,2.81445,0.664914
420,-3.46355,0.658044
420,-2.45966,-0.850288
420,-4.27445,-0.174235
420,5.46377,1.06708
420,-6.36983,-2.9365
420,-0.42356,-0.691632
420,-2.60758,-0.259093
420,1.84002,0.732226
420,-6.18966,-0.748773
420,5.86877,-0.177221
420,-2.83707,0.638632
420,-6.7227,-0.558732
420,-5.65385,-0.337476
420,7.06636,-1.1846
420,2.95132,1.27066
420,7.83985,1.07299
420,0.178313,1.58424
420,8.38839,-1.09372
420,-3.54884,-0.947456
420,-7.52693,-0.114335
420,-5.29073,-0.371044
420,6.31369,-0.977769
420,-3.63133,-1.50745
420,9.02481,0.896774
420,7.50182,-0.585989
420,6.40699,-0.844886
420,0.712916,-0.374844
420,8.23332,-0.209012
420,-1.09199,1.92565
420,3.3733,2.04988
420,-6.06786,0.194013
420,-3.50086,0.975651
420,8.34888,0.46208
420,6.36473,-1.30074
420,-1.82426,-0.168272
420,-2.92725,-1.4455
420,-1.07424,-0.7954
420,3.24902,-0.174254
420,2.03421,-0.301684
420,-1.50364,1.69654
420,1.60877,-0.540838
420,8.20685,-0.47144
420,-2.75563,1.17493
420,7.41295,0.282373
420,-8.92901,-0.0962245
420,7.3558,-0.730061
420,7.17873,1.41109
420,-7.10796,1.2909
420,1.9176,-0.440584
420,7.61752,-0.355739
420,6.6677,0.810101
420,4.01345,0.958345
420,-2.97763,0.877737
420,-3.17809,-0.230193
420,0.602315,-1.61058
420,-3.24655,-0.0843344
420,6.69548,0.535989
420,2.03257,1.58877
420,6.43486,-0.397553
420,0.0331754,0.804784
420,9.18087,1.49746
420,8.45103,1.25069
420,3.89142,0.774181
420,-6.49837,-0.428506
420,-4.48264,-0.505415
420,5.47399,-1.52042
420,-1.72209,-1.67038
420,-3.79308,-0.523203
420,0.0933994,0.760643
420,-1.29699,-0.566497
420,-7.55918,0.991631
420,1.52394,1.17785
420,0.267138,-0.699888
420,8.14355,2.52757
420,-6.42582,1.49371
420,6.0756,0.508199
420,-0.348987,-0.853667
420,7.41523,0.739517
420,-1.78308,0.187008
420,-3.16512,1.74461
420,-1.04351,1.03789
420,-0.921268,-0.821113
420,8.20938,0.758585
420,6.47461,0.780433
420,2.36678,-0.761989
420,1.60142,-1.28603
420,-0.141218,-0.736954
420,6.16449,1.83762
420,-6.73907,0.794908
420,-1.4324,1.02693
420,-8.74275,-0.54928
420,-4.62373,-0.0914914
420,3.32445,-0.423663
420,2.52552,0.495379
420,-3.53307,0.370843
420,0.4091,0.333571
420,-7.52453,-1.67575
420,2.36718,-0.854813
420,-8.12846,-0.0439066
420,-3.98377,0.446392
420,-0.965051,0.447205
420,7.88723,-1.36139
420,-8.5755,-1.20654
420,-0.385891,0.00348171
420,2.88604,0.0322241
420,-2.78889,-1.11304
420,4.47842,1.56292
420,6.33351,0.39926
420,4.12673,-0.647182
420,-1.8555,-0.0338948
420,-1.47782,1.93313
420,8.46002,0.165714
420,-3.88653,0.542887
420,5.88927,-0.66648
420,1.85187,0.371389
420,8.16903,-1.32179
420,-1.33177,-0.835821
420,-6.30232,-0.278083
420,8.39196,-0.643591
420,-2.59499,-1.15576
420,5.28534,0.419213
420,-6.94674,-0.125546
420,5.56216,1.14367
420,-8.67707,-0.0170878
420,-6.10537,0.675107
420,-0.407575,0.14109
420,-8.69306,0.172523
420,-4.60437,1.514
420,7.13695,1.23949
420,-1.01701,-1.85668
420,-0.0995606,1.46551
420,-7.23406,-0.47314
420,-0.202938,-1.03199
420,-4.75209,1.42504
420,-6.99766,-0.00213203
420,7.31269,-1.52722
420,-6.65068,-0.62459
420,-3.90581,0.616985
420,4.30126,-0.321103
420,-2.74242,-1.76779
420,3.16294,-0.642643
420,-6.57537,0.588214
420,-2.97373,-0.794816
420,0.0883224,-0.443407
420,-1.3297,0.240994
420,6.70281,0.346724
420,-8.0707,-0.323608
420,6.48362,0.550963
420,-2.74354,-0.412594
66,-11.0191,-0.432018
420,5.85815,1.01785
420,0.372656,-1.29951
420,-9.14795,1.61734
420,4.82718,-0.441647
420,5.96282,1.75122
420,2.27638,-0.722193
420,-3.70898,-1.90359
420,3.86582,-0.191722
420,6.48717,1.04096
420,6.57659,0.0795483
420,-6.89215,0.0860621
420,9.53981,-0.188788
420,3.58818,-0.330866
420,-5.84135,0.553794
420,-4.99582,0.90069
420,-4.46242,-0.196658
420,6.43658,-0.422339
420,-6.53868,0.710507
420,-3.42954,-1.33282
420,4.47333,0.0686105
420,-5.19842,0.377175
420,-2.59935,0.175199
420,7.03116,1.09888
420,3.11695,-0.307754
420,-5.19158,-0.415804
420,-2.1283,0.159981
420,-8.12305,0.276283
420,-7.54086,0.0753192
420,1.0887,-1.45527
420,7.70432,0.819542
420,-3.32213,-0.161144
420,-8.43719,1.1474
420,-6.49519,-0.667571
420,0.928153,0.115142
420,5.52163,-0.717483
420,2.33616,1.54089
420,-8.69409,-0.921005
420,0.0495845,-0.71233
420,5.45453,1.32018
420,3.23044,-0.548562
420,-6.45558,0.32858
420,-0.862433,0.49434
420,-0.0768817,-0.5405
420,1.95003,0.131554
420,-8.19626,0.968366
420,-8.80597,0.161953
420,5.61822,-0.436282
420,4.59843,-0.0441934
420,6.63681,1.11934
420,7.75117,-2.14163
420,8.28749,0.782291
420,3.6634,0.687065
420,-2.39642,2.54821
420,-5.76702,0.188316
420,6.65282,-0.158226
420,3.6245,0.612949
420,-9.55008,-0.0154734
420,-5.89564,-1.33772
420,3.21349,0.291994
420,5.15838,1.12264
420,-4.65688,1.35289
420,-0.135169,-0.860837
420,-6.65646,0.986913
420,-8.51465,1.30394
420,6.24975,-1.77379
420,7.49056,0.920667
420,-2.43322,0.0917483
420,-8.45949,-0.500715
420,-6.18334,2.01294
420,-8.12588,0.390368
420,-5.29382,-0.555002
66,11.0782,1.06208
420,-6.15346,1.27534
420,2.57046,0.768184
420,5.5232,-0.593794
420,7.89793,-1.51223
420,8.48272,-0.50736
420,-5.84888,0.35485
420,-6.31998,0.121623
420,7.74729,0.181604
420,3.88506,-0.252404
420,1.48781,0.702745
420,3.23851,-0.742974
66,-11.1372,-0.416963
420,2.97609,-1.45338
420,5.04556,0.8289
420,4.22395,-0.562745
420,5.67739,2.21363
420,7.29272,-0.296673
420,-5.22968,-0.17426
420,6.4451,-0.215203
420,8.30821,0.709224
420,-4.20442,-0.0761216
420,7.20435,-0.398769
420,-4.43237,-0.148143
420,5.00226,0.00198882
420,-5.8986,0.629121
420,4.03918,1.01235
420,-3.57884,-0.394481
420,4.78265,0.246559
420,-6.76396,-1.34537
420,-4.81514,0.452285
420,3.7213,-1.69176
420,7.04114,-1.61092
420,2.20818,-0.7329
420,-6.82188,-0.925111
420,2.65873,1.07486
420,2.57569,-1.17715
420,-1.01294,0.629488
420,-4.97935,0.743089
420,-3.6209,-0.263455
420,-5.05244,-0.519905
420,3.58307,-0.0348423
420,1.09509,0.643769
420,-9.52532,0.858916
420,1.95489,-1.72137
420,5.88626,0.237427
420,-4.92265,1.43801
420,4.20478,0.375811
420,2.71613,-1.51999
420,-1.98696,-0.184749
420,-2.83223,-1.13989
420,7.89119,0.492293
420,0.514938,-0.603477
420,8.60105,-1.7469
420,-1.9861,2.00459
420,-2.4201,-1.25437
420,6.11423,0.414648
420,2.40625,0.193817
420,7.96484,-0.352738
420,-3.93337,0.977744
420,-2.86712,0.287275
420,0.0427323,2.26837
420,3.33019,-0.529614
420,-1.00956,-1.5547
420,-0.502472,-0.334663
420,1.09441,0.946688
420,1.34875,-0.404153
420,-5.87573,-1.41486
420,-2.01161,0.230704
420,6.60467,-0.384022
420,-8.81612,1.08038
420,-9.47614,0.466721
420,-1.84387,0.146975
420,0.336167,-0.339898
420,2.0876,-0.543659
420,-4.07765,-0.697234
420,2.43146,-0.695973
420,-2.46794,-0.384668
420,6.39644,-0.45912
420,1.51355,-0.736846
420,-6.67393,-1.92003
420,-4.22737,-0.725525
420,1.36362,-2.49839
420,-1.56434,-1.73956
66,-11.0346,-0.547208
420,-2.09032,-0.844809
420,-6.12968,0.999958
420,1.15303,0.057041
420,-1.14259,0.50522
420,-2.65329,0.379598
420,6.46851,-0.550407
420,1.04725,-1.14891
420,-3.13126,0.570488
420,-0.471177,-0.2325
420,-6.65274,-0.257789
420,2.92647,0.677188
420,3.62753,0.624867
420,7.74065,0.344651
420,3.33183,-0.53571
420,-7.07565,0.0315731
420,-9.20583,-1.19481
420,3.55775,0.0996861
420,-6.28931,0.514205
420,-4.47484,-0.252269
420,1.70817,0.130956
420,-4.56928,-1.40984
420,-5.18342,-0.0980226
420,2.66582,-1.65294
420,9.56951,0.506063
420,-6.3451,-0.40215
420,-4.28921,0.682897
420,-4.076,0.0467635
420,1.39297,0.713299
420,-8.23746,-0.216677
420,6.05414,-0.822093
420,5.93823,-0.631345
420,-8.72508,1.19293
420,-8.19653,0.223634
420,-2.98376,-0.195565
420,8.45891,0.135691
420,-9.32501,-0.797759
420,-4.1568,0.712426
420,-8.39996,-0.520674
420,-2.57734,-0.931219
420,7.36709,0.81324
420,-7.38526,0.500386
420,-8.51158,-0.641866
420,-6.15315,-0.256224
420,-7.76044,2.46185
420,-1.09252,-0.466798
420,-3.40251,-2.6004
420,7.11387,-1.41241
66,-11.2221,0.34924
420,8.1257,-1.33754
420,8.49442,0.988937
420,-8.68511,0.484181
420,4.8156,-0.0245392
420,9.14583,-0.0644661
420,-1.46446,-0.987648
420,-4.94828,1.05618
420,8.43368,1.04492
420,-3.18486,1.81486
420,4.3417,0.332263
420,1.48232,-0.685928
420,1.6907,0.512045
420,6.7041,-1.47505
420,-2.18732,0.824603
420,6.0177,-0.0405889
420,-3.96053,1.02833
420,-3.45614,0.860279
420,4.25021,-0.130819
420,2.27395,-0.106441
420,-0.472327,-0.319989
420,-0.263898,-1.69215
420,4.83001,1.3444
420,0.359784,0.686924
420,-0.499836,-0.11084
420,-4.8861,-0.336561
420,2.64173,1.07777
420,5.61693,-0.974403
420,-5.0557,0.185901
420,-4.35075,1.13654
420,-1.04027,0.32264
420,-6.116,-0.677442
420,-4.28041,-0.181307
420,-4.78238,-0.328874
420,6.01162,0.854803
420,-6.21891,-0.286528
420,4.56672,-2.69893
420,6.95104,1.18292
420,6.93894,-1.36395
420,-4.26024,0.299788
420,4.43695,0.230055
420,-2.68853,-0.773919
420,0.40921,0.310598
420,-3.94147,-0.166771
420,4.82242,-0.598111
420,4.24379,0.667946
420,2.44342,-0.47517
420,6.97365,-0.165137
420,-6.95879,-1.2327
420,7.49348,-0.988083
420,-4.55598,0.57517
420,2.54098,1.2883
420,-5.28389,-0.157851
420,3.76038,0.497323
420,2.98053,1.64811
420,-6.90237,-0.0169713
420,-3.69959,-0.682549
420,5.06457,1.5077
420,-3.83022,0.756454
420,6.24484,0.343907
420,-9.37873,-0.661672
420,0.234002,0.738865
420,7.79549,-0.998357
420,-6.34494,-0.169091
420,6.78844,0.0530192
420,-6.08222,-1.10986
420,-1.50966,0.910087
420,-6.817,-0.100259
420,-0.319518,-0.351532
420,5.54936,0.419587
420,-0.182321,1.44431
420,8.98215,1.7162
420,5.31836,1.29076
420,-9.54411,-0.974219
420,-6.81709,-2.27438
420,5.17281,-0.299998
420,-6.69379,0.287313
420,8.31299,-1.19875
420,-0.831993,1.34049
420,-2.30207,-1.51919
420,5.16161,-1.02306
420,-2.12268,0.941094
420,-3.39473,0.337376
420,1.76238,-0.145298
420,5.26366,-0.950623
420,2.61561,0.0663665
420,6.34116,-0.977888
420,-1.52304,2.87097
420,-5.40492,-0.579588
420,-5.72491,-1.14358
420,4.36087,0.730371
420,8.36969,1.7848
66,11.0069,-1.11851
420,3.7592,1.29446
420,-6.05026,-0.18371
420,-0.215824,-0.240454
420,0.314154,0.769945
420,3.7444,-0.39247
420,3.53963,0.423848
420,7.51974,-0.00815922
420,3.02367,-0.0160927
420,-1.32059,-0.3454
420,-4.55357,-0.874514
420,7.22638,0.816536
420,1.55553,0.778881
420,5.11907,-1.4793
420,-4.92277,-0.0334854
420,2.54818,1.01687
420,2.88402,0.817033
420,4.64536,0.2784
420,-2.23315,-0.240464
420,-4.09955,-1.10112
420,4.88639,0.964771
420,-2.16237,0.551934
420,-1.59339,-0.0855645
420,4.29274,-0.585234
420,-1.44324,1.76426
420,-9.12792,0.218916
420,0.531024,-0.49951
420,1.27485,-0.453469
420,-7.06438,1.08608
420,6.64242,-0.741666
420,-3.44741,0.693017
420,-5.50048,-1.94279
420,-7.92233,1.21182
420,5.50789,1.44615
420,-2.0038,-0.362016
420,3.06208,0.205008
420,-7.62271,0.982028
420,3.95122,2.43921
420,-5.30397,-0.82943
420,-7.18404,-0.736943
420,-6.5746,-1.12113
420,-8.70543,0.934738
420,5.55326,-1.25961
420,-7.41062,-1.53122
420,-2.33192,0.889004
420,5.2542,1.76777
420,9.5674,0.209452
420,7.89778,-0.225765
420,3.80004,1.58332
420,3.63585,0.157784
420,-2.96255,-0.747019
420,-1.79004,1.94698
420,2.2557,0.229641
420,-2.63698,-0.824321
420,-3.82626,-0.679757
420,-1.4817,1.19473
420,-9.61221,0.637709
420,-0.540823,0.707772
420,6.28637,-0.462046
420,-4.96718,-0.0355675
420,5.51363,0.753845
420,5.92432,-0.592185
420,8.79482,-0.838924
420,-5.83432,0.929849
420,4.16544,0.112511
420,3.65834,-0.244894
420,-3.8949,-1.1301
420,-7.76961,-0.216821
420,7.00239,0.480698
420,-2.9129,1.20093
420,2.82365,-0.566486
420,-3.55658,-1.10601
420,4.18873,-1.27508
420,5.14691,-0.530173
420,8.22119,-1.4386
420,-2.05147,-1.1904
420,-5.16525,0.568539
420,-5.14318,0.421
420,-7.47805,-0.713274
420,-3.44722,-0.155696
420,3.48004,-0.587348
420,1.80685,0.127696
420,-0.848167,0.76281
420,1.37152,-1.09398
420,-7.78794,-0.0692425
420,6.16904,0.359029
420,-0.4215,-1.49256
420,-6.10342,1.22443
420,0.602187,0.416504
420,-5.26571,0.00934407
420,-8.56027,0.180383
420,8.28401,-1.59424
420,-5.44467,-1.25031
420,-3.46862,0.319795
420,-2.26174,0.210316
420,4.57576,0.0353785
420,-6.44348,-0.303439
420,-4.29769,-0.280615
420,-1.4065,1.44402
420,-4.60269,-0.554712
420,-2.41385,0.108393
420,-8.67728,0.230644
420,-0.96585,-0.112041
420,1.93666,-0.605942
420,-6.23062,0.0538281
420,-2.86171,-1.31181
420,0.50267,-0.528347
420,-8.7026,-1.62071
66,11.0704,-0.929073
420,5.67026,-0.36165
420,1.10965,-1.02834
420,-5.41134,0.244115
420,7.2077,-0.380573
420,-4.59837,1.50415
420,0.408259,0.137826
420,7.73903,-0.369638
420,6.99297,-0.560269
420,-1.61484,-0.321041
420,-0.349904,-0.791355
420,4.57036,0.988208
420,3.39928,0.232071
420,-1.41369,0.527907
420,6.45956,0.391778
420,5.40347,0.392368
420,-0.742832,-0.0980923
420,3.32182,-1.14767
420,-2.6964,0.332477
420,-4.27151,0.0123775
420,7.8721,0.363645
420,7.74733,0.546894
420,2.23639,0.995611
420,-1.71873,0.074994
420,-2.71669,1.77037
420,-4.42641,-2.74276
420,-5.68568,-0.366773
420,3.35631,-0.632763
420,9.1604,1.30031
420,-6.15312,-0.318404
420,2.41016,1.38881
420,-0.627947,1.21613
420,0.218116,0.728414
420,-8.76984,-0.302732
420,4.61016,-0.393672
420,1.00949,0.608962
420,-5.71541,0.577419
420,1.26049,0.508441
420,3.15804,-0.475029
420,-6.5024,-1.089
420,9.14528,1.06789
420,-6.10344,-0.141825
420,0.203327,-0.901356
420,-8.24259,-0.663299
420,-2.0976,0.651293
420,-8.44593,0.952408
420,6.44856,-1.04771
420,-0.814677,0.423972
420,6.33452,-0.267685
420,5.79333,-1.39592
420,5.32755,0.665981
420,4.98183,0.220197
420,-0.35005,0.276699
420,5.25284,-0.71492
420,7.30752,-0.472341
420,-8.19321,-0.471909
420,-2.11126,-0.261711
420,-8.11492,-0.280771
420,-5.18968,-0.372165
420,-2.27034,-0.457688
420,2.70715,0.987193
420,2.70259,-0.586611
420,-8.65837,1.03544
420,3.83639,-0.624209
420,-1.33038,0.0482749
420,2.27546,0.407943
420,-5.99775,1.63589
420,-0.505614,-0.0636547
420,1.38996,0.463117
420,3.77774,0.193915
420,-5.55728,-1.25437
420,-7.90443,-0.962462
66,11.0572,-1.1266
420,-7.35488,2.19942
420,4.06888,-1.28721
420,3.9404,-0.468806
420,2.42693,1.96927
420,-0.559937,-0.861491
420,4.48224,-1.09095
420,2.5618,-1.01763
420,3.64859,-0.796739
420,-1.0739,-0.120172
420,4.87068,1.17821
420,-4.0503,0.876337
420,0.947674,-0.5055
420,2.42917,1.05931
420,2.2732,-0.0751745
420,3.87707,0.160709
420,-0.956999,0.299596
420,-3.6775,-0.657099
420,4.10217,0.309562
420,5.03508,0.95491
420,-6.6224,0.200847
420,-5.04357,-1.01068
420,8.54519,0.978096
420,1.66986,-0.396614
66,-11.106,-2.55674
420,-5.14539,-0.968854
420,8.62184,0.123837
420,-0.248434,-0.271763
420,0.725947,-1.78139
420,-3.63255,0.295866
420,-3.71443,0.495931
420,-4.50718,0.555082
420,-4.24814,0.0459156
420,-8.87323,0.0721817
420,4.69363,1.12734
420,-0.392074,0.113025
420,-2.75953,-0.668486
420,5.73733,0.678097
420,2.32202,0.334963
420,7.61256,-0.592522
420,9.31824,-0.354997
420,-2.08437,0.307038
420,7.47699,-1.31709
420,6.637,-0.453401
420,-4.68832,0.270111
420,-2.83963,-0.0150508
420,5.8682,-0.200849
420,1.73366,-0.873649
420,-0.770218,-0.408798
420,8.31999,-0.73119
420,-3.18215,-0.407367
420,-2.61079,1.21189
420,-5.15505,-0.312618
420,-3.42102,-1.7742
420,-6.17804,-2.11867
420,-2.18305,-0.760509
420,-6.09173,1.27628
420,-0.660067,0.684051
420,0.345688,-1.60489
420,-4.62165,0.246672
420,4.66677,-0.101916
420,-1.01013,-1.94562
420,9.08921,1.24706
420,-5.44951,-0.601774
420,-1.34957,0.674024
420,-5.88039,-0.875079
420,-0.251244,0.264799
420,3.42187,0.567403
66,10.9556,1.09984
420,-7.56954,0.892367
420,-5.20218,-0.675229
420,7.05058,-0.0957419
420,4.34319,-0.420582
420,-6.41823,1.43603
420,-6.24022,-0.333865
420,0.990587,-0.0487898
420,3.3664,1.52207
420,3.40946,-1.95937
420,0.267874,0.829427
420,4.34836,0.477143
420,-1.30103,0.509678
420,-4.13248,0.177521
420,-8.13209,1.08176
420,-7.95816,-1.73527
420,-5.95454,0.45757
420,-5.24674,0.486819
420,-1.10131,-0.488427
420,-2.63027,1.31864
420,1.89449,-0.965337
420,5.70255,-1.95607
420,-7.0849,0.160758
420,7.46236,1.33929
420,2.47316,0.587529
420,-4.98972,-0.86442
420,-5.16414,0.0715564
420,6.19693,-0.0985249
420,-1.1797,0.569404
420,-8.52915,-0.208609
420,-4.58646,0.571513
420,3.1003,-1.37503
420,3.42397,1.73424
420,4.45231,1.58982
420,-1.2029,-0.833965
420,0.630297,-1.14629
420,0.549054,-0.789179
420,0.385533,0.0291861
420,2.44265,-1.36261
420,-1.63276,-0.26085
420,-0.808183,0.683348
420,-4.947,1.50891
420,7.81142,1.1073
420,-6.14334,-0.289228
420,-5.69998,-0.940022
420,8.12162,1.7184
420,-8.23063,1.6701
420,1.32793,1.0491
420,6.8304,1.57821
420,-9.13013,-1.04821
420,-0.889604,-0.120361
420,2.50154,-0.440953
420,4.86404,-0.93809
420,2.08428,-0.552746
420,7.17787,0.414769
420,5.03058,-0.565486
420,0.46289,-1.04711
420,0.701902,-1.0584
420,-5.40792,0.441881
420,-2.68617,0.423381
420,-2.30988,0.951292
420,4.37773,0.20397
420,0.789178,-0.805531
420,-8.1163,-0.102247
420,0.924533,-0.171266
420,3.77226,2.32794
420,1.98298,-1.31729
420,2.10117,-2.08327
420,2.55436,1.31679
420,4.36269,0.073735
420,-4.90422,-0.975698
420,1.09915,0.527939
420,2.29613,0.639401
420,-9.27374,-0.736413
420,2.49718,-0.664167
420,4.71163,-0.160326
420,1.37719,1.36156
420,-6.16647,2.26918
420,-3.77209,0.821819
420,-0.698279,-0.796529
420,4.78779,0.498261
420,-3.98732,-1.18985
420,-6.15625,-0.269423
420,4.04888,-0.636433
420,-6.70893,0.300329
420,-7.83189,-1.53792
420,8.92092,1.46387
420,0.559837,0.418266
420,3.22352,0.0458397
420,6.72624,-1.82634
420,-2.30259,-1.97384
420,-4.85219,0.779646
420,-3.02422,0.715945
420,-8.36969,-0.123712
420,9.69418,0.53385
420,4.45932,-1.03027
420,4.48279,-1.10804
420,7.16404,0.674927
420,1.8022,2.28988
420,-6.82602,-1.57722
420,-4.76686,1.41663
420,-8.45812,-0.381519
420,4.73138,-0.295755
420,0.646986,-0.675182
420,-7.58322,-0.333813
420,8.98699,1.28752
420,2.01126,0.876601
420,6.02498,-1.05132
420,0.267879,-1.50689
420,-1.04355,-0.548194
420,1.68019,0.376889
420,-7.12366,0.849739
420,4.97066,0.131401
420,7.07672,0.0316363
420,-2.94128,0.301216
420,-5.54216,0.51936
420,-7.02376,-1.23671
420,-0.218449,0.750445
420,6.09606,-0.799132
420,9.53332,-0.153522
420,5.2975,-0.532865
420,7.07661,0.495837
420,-2.79028,0.35523
420,3.39591,0.844195
420,4.7188,0.344329
420,-4.47339,-1.07359
420,2.8372,-1.12234
420,0.370793,0.98531
420,8.34493,-1.23627
420,4.9827,1.82558
420,0.66529,-0.270386
420,-0.526049,-0.855354
420,7.86543,-0.327375
420,0.616005,1.32154
420,8.57428,-0.723516
420,0.936568,-1.24086
420,-2.53668,0.68222
420,1.43532,-1.1685
420,-1.48557,-0.68233
420,3.56703,0.296457
420,-1.50475,-1.92255
420,7.90355,-0.243043
420,7.46357,-0.468324
420,3.31733,-0.504968
420,-8.04517,-1.33173
420,-2.06721,0.795426
420,5.84817,0.118126
420,3.23416,1.53374
420,3.22895,0.201779
420,0.72886,-0.171443
420,3.2587,0.84613
420,5.56469,1.11873
420,-0.382189,1.60532
420,3.43184,0.362134
420,-3.54621,0.913458
420,9.2649,0.0654226
420,-1.65158,-0.485987
420,3.28687,-0.626949
420,6.34522,0.0766416
420,-2.34981,-0.0911105
420,3.6038,-0.467625
420,7.96554,-0.700367
420,-5.83934,0.677529
420,-2.97112,0.00642051
420,7.92223,0.0362893
420,0.879841,-0.09611
420,-0.578603,-0.698767
420,2.84402,-0.0275843
420,-2.1934,0.555815
420,5.54359,0.260803
420,4.24411,-1.10274
420,0.151925,0.417695
420,-2.5306,-0.552172
420,6.26813,-0.0240649
420,-0.816221,0.190253
420,8.46156,1.66696
420,-5.69317,0.622325
420,-3.01162,1.58768
420,6.57425,-0.311444
420,3.45169,0.676632
420,3.57841,-0.89168
420,1.3611,0.0762262
420,5.00604,0.000837592
420,-1.79618,-1.13283
420,0.609365,0.440948
420,-6.08708,-1.63446
420,-9.32325,1.19467
420,-0.233266,0.988429
420,-8.21901,0.0890649
420,-1.22081,-1.6717
420,-3.349,0.52196
420,-5.78179,0.254654
420,7.12011,1.11511
420,3.37676,-0.948854
420,9.39657,0.133613
420,-6.76656,1.72627
420,0.838335,0.026791
420,-6.52931,-0.721561
420,0.766779,0.154243
420,3.26036,0.0622276
420,2.72094,-1.30276
420,-0.208083,-0.259364
420,7.02598,-0.430174
420,-0.271028,-0.684611
420,3.74711,0.96556
420,6.39975,0.205468
420,1.02413,0.202673
420,3.237,1.25103
420,-6.32228,1.13694
420,6.41557,0.131393
420,-0.877718,-1.24739
420,1.45986,-1.78512
420,-6.65703,0.555236
420,-6.70141,-0.67035
420,-4.66951,-0.0732537
420,-4.61377,1.22407
420,3.87923,-0.141094
420,-7.62966,-0.582047
420,-4.93045,-0.708556
420,8.66043,-1.09257
420,-6.37411,-0.571714
420,-4.71867,-1.10981
420,8.71377,1.43071
420,-5.28905,-2.08806
420,-5.19928,-0.300588
420,-7.17709,0.259506
420,2.99788,0.104395
420,-1.18699,-0.285949
420,-1.26672,0.188127
420,0.14688,1.44494
420,5.63968,-0.791831
420,6.83406,-0.0855786
420,7.1803,0.536989
420,-3.71757,0.800704
420,3.19586,0.202378
420,-2.61769,1.25947
420,0.509161,-0.975743
420,7.00673,0.574479
420,-3.00313,-0.251715
420,-2.22988,1.11603
420,7.31487,-0.722267
420,5.73189,1.05243
420,-6.30363,0.00749299
420,-1.42783,-1.53424
420,-1.832,0.869723
420,0.636997,0.454929
420,8.19854,-0.17748
420,6.87255,-0.46189
420,6.15708,-0.931058
420,-0.291597,-0.0347515
420,-0.155015,-0.102267
420,6.54122,0.613185
420,-6.84635,0.476482
420,-5.41829,0.840862
420,7.80638,-0.337058
420,2.68415,-0.682996
420,-0.145189,-0.0165352
420,4.59184,-1.45405
420,8.54166,0.495608
420,-0.546361,0.658885
420,-2.6778,0.173444
420,9.24584,-1.484
420,-5.65056,0.220034
420,-9.10688,0.914333
420,-8.93089,-0.453259
420,1.03506,-0.33927
420,5.99765,0.121215
420,6.96751,0.218579
420,-7.27531,-0.735439
420,0.989657,0.421202
420,3.49401,-0.125629
420,6.5106,-0.0944215
420,5.25557,0.931137
420,2.94428,0.481186
420,-3.7812,-1.00455
420,2.3242,-0.0511599
420,0.100496,0.201517
420,-6.10522,-2.6636
420,-2.56418,-0.0395337
420,3.94556,-0.359375
420,8.98328,0.874726
420,0.363193,1.09145
420,0.153203,0.841679
420,6.4139,1.09787
420,2.36853,1.07819
420,0.080186,-0.63352
420,5.2049,0.674726
420,-3.29194,-0.568063
66,11.2849,-0.982962
420,7.73817,0.500176
420,-7.8884,0.314333
420,0.411098,-0.447256
420,1.07881,-1.47456
420,-5.31615,0.552798
420,5.57031,0.477431
420,3.38804,0.407749
420,-8.02635,-0.59491
420,-1.02827,-1.23932
420,4.24223,-0.401728
420,-8.5105,2.30525
420,6.78236,1.66646
420,-5.53738,0.761032
420,-7.19759,0.517059
420,3.60952,-0.110322
420,3.30311,-0.455887
420,6.61114,0.622711
420,-6.60086,-0.757877
420,6.98425,0.917897
66,-11.0775,0.511322
420,-5.41162,-1.06744
420,4.16759,-2.46193
420,-6.05079,1.13992
420,0.299013,0.723317
420,-0.378376,0.488804
420,-6.54566,-1.59686
420,-6.74646,0.497392
420,-3.74263,-0.886122
420,-1.18291,-1.14168
420,-1.2118,-1.80686
420,-5.3979,2.35916
420,2.12979,-0.271387
420,-3.25165,-0.871867
420,-3.85814,0.803681
420,-2.86824,0.174743
420,-3.97797,-0.0862448
420,5.30577,-1.95599
420,4.4003,-0.112739
420,0.671652,-0.878339
420,2.97641,-1.57726
420,0.168752,-0.95058
420,5.36749,0.683814
420,-5.13286,2.3218
420,-7.44038,-0.130559
420,-1.11488,-0.743499
420,0.817036,-1.43197
420,-6.49923,-1.0204
420,6.65928,0.320827
420,-5.56755,-0.492755
420,-8.54274,-0.228708
420,7.98725,-0.629684
66,-11.0161,1.29523
420,-4.03728,-1.53501
420,-2.72512,0.364355
420,-8.90273,1.40806
420,1.73074,0.853459
420,-0.207838,0.711231
420,0.466616,0.631625
420,-1.61703,0.849545
420,-5.56724,1.19635
420,-6.76943,0.605503
420,5.47401,-0.338216
420,-4.84997,0.50103
420,3.57767,0.411915
420,-5.42492,-0.258096
420,-3.62159,-1.02747
420,6.22061,-0.114448
420,-1.85782,-0.201533
420,9.0687,-0.910319
420,8.11137,0.213794
420,-8.4371,0.593563
420,-4.40722,1.00637
420,-7.19277,-0.0100251
420,-2.00242,0.489183
420,8.33263,0.298377
420,4.83963,-1.61122
420,-7.61378,-0.131901
420,-3.40124,1.39702
420,-8.05332,0.380064
420,-1.90717,1.41998
420,-7.98863,0.216415
420,5.7185,0.746593
420,8.588,0.0447886
420,-5.96474,-0.870356
420,-6.90788,-0.56833
420,1.49457,0.100798
420,4.38628,0.0598087
420,6.71651,1.90635
420,-5.30006,1.19185
420,-9.67081,0.439004
420,1.72474,0.038568
420,7.30063,-1.39333
420,-7.01057,-0.104667
420,-4.826,0.100326
420,-6.58895,-1.80092
420,6.8151,2.21003
420,-0.629697,0.552975
420,-5.27523,-0.463144
420,1.2476,-0.637129
420,-1.75246,0.59722
420,0.937357,-1.21325
420,6.0078,1.40086
420,-8.07516,0.937772
420,5.02131,1.08983
420,-4.82909,0.39009
420,3.66344,-1.50164
420,6.07714,-0.0688059
420,2.66172,-0.833135
420,6.05495,-0.428862
420,9.00108,0.573593
420,-7.25146,0.274242
420,4.51987,-0.624096
420,5.39217,-0.183701
420,-8.3923,0.604765
420,3.64684,-0.38628
420,-7.76531,0.338159
420,-6.91836,-1.43279
420,-9.49944,0.251443
420,1.34427,-0.524076
420,-9.22322,0.198793
420,-0.469499,-1.42395
420,0.246465,0.383341
420,-8.53678,0.631815
420,-6.44933,0.947385
420,8.17908,-0.390207
420,9.29619,-0.557364
420,-6.20944,-0.652758
420,-3.51133,-0.912823
420,-4.7525,-0.979605
420,-1.17565,-2.08569
420,7.82211,1.04849
420,-3.28233,1.00289
420,0.0133132,-0.159127
420,7.50201,-1.57039
420,-5.20738,-0.28145
420,-5.40628,-0.153408
420,-8.59962,0.107868
420,2.01583,-0.0971404
420,-7.24298,-0.434644
420,-9.08945,1.25817
420,3.11188,1.37357
420,-7.79205,0.159956
420,-2.95065,-2.1571
420,0.736735,0.302269
420,0.533013,-0.475855
420,7.41788,-0.353945
420,-1.25939,-0.0499016
420,3.99767,0.317662
420,-3.46629,1.20218
420,-3.81487,-0.639443
420,-7.64106,-1.59803
420,-5.28053,-0.300638
420,-4.00711,0.666023
420,1.13613,0.706449
420,-1.39208,-0.265343
420,3.40171,0.686083
420,2.95256,-0.997662
420,4.79256,2.12569
420,-6.46467,0.592537
66,11.1841,-2.23238
420,3.02358,-0.331702
420,-7.68747,-0.445782
420,-5.75985,-0.348473
420,0.579906,-0.742833
420,-8.09045,-0.848704
420,-7.66475,-1.24857
420,7.18236,2.13244
420,6.33406,-0.966493
420,-3.95212,-0.193231
420,5.79088,-0.123114
420,-4.01085,-0.550719
420,7.89708,1.94356
420,-5.13462,0.63932
420,-4.82659,0.762796
420,-4.13283,-1.18112
420,-5.09401,0.127048
420,-5.45286,-0.953543
420,0.99796,2.13326
420,-7.90195,0.628844
66,11.2777,0.311565
420,2.56522,0.609517
420,4.99548,-0.65262
420,-2.78484,-0.221866
420,3.75275,-0.318344
420,-4.96984,0.214267
420,2.82837,-0.454322
420,4.84843,1.10294
67.2465,-10.9666,0.856745
420,7.00273,-1.53603
420,8.59374,-0.28025
420,-9.60228,-0.112625
420,-2.07227,-0.0483805
420,-2.95554,-0.508129
420,1.54987,0.967972
420,-0.493598,0.800804
420,0.206574,-0.101444
420,3.97014,0.0514277
420,-8.59244,1.83597
420,7.6998,-0.490543
420,0.0929078,-0.670229
420,-7.25303,-1.13292
420,3.3653,-0.11987
420,-3.00801,0.937956
420,-6.40854,-0.532409
420,0.279109,-1.22577
420,4.2098,-0.849872
420,-8.35122,-0.48234
420,1.27262,-1.10443
420,1.27792,1.30058
420,8.07659,0.977008
420,-5.50514,-0.92829
420,7.85042,0.0745787
420,-2.06052,0.357357
420,-5.27589,1.15753
420,0.917468,1.33109
420,2.06021,-1.66749
420,8.52608,-0.440037
420,4.14285,-1.06834
420,-3.5762,-0.137471
420,-1.04586,0.97338
420,4.8642,0.259205
420,4.85657,0.271061
420,-3.05571,-1.01918
420,-1.05262,-1.33553
420,-3.24941,-1.03428
420,-6.42334,-1.53499
420,3.10575,0.796554
420,2.8807,0.112655
420,4.00018,-2.37822
420,-1.41847,0.363747
420,7.07701,-0.00569847
420,-1.37065,1.32834
420,2.56648,-0.766204
420,5.31215,-0.772746
420,-7.37775,-1.40677
420,-2.92299,0.559246
420,8.58294,-1.43423
420,3.85875,0.164915
420,0.985279,-0.606319
420,-5.14695,0.104937
420,0.284589,0.602296
420,7.04586,1.06077
420,0.82169,-0.144435
420,-8.52632,1.09719
420,-8.0939,-0.297964
420,-6.19693,0.9223
420,9.24417,-0.181379
420,-7.34557,-0.181965
420,-3.78174,0.968032
420,-9.32691,-1.02153
420,0.0242238,0.671726
420,-7.19456,0.515215
420,5.53213,-0.208367
420,1.56713,-1.29071
420,8.14245,0.36507
420,1.13349,1.26218
420,2.27463,0.800171
420,0.893766,0.0761735
420,4.77917,-1.63131
420,-8.06825,0.278771
420,-8.38233,-0.0807562
420,4.25179,-0.435891
420,5.63276,-0.00710341
420,0.913173,0.00738008
420,-2.91091,-1.29416
420,-4.50238,1.11817
420,-6.00334,2.20076
420,-7.21137,1.2844
420,4.02556,1.5853
420,9.48269,0.0417882
420,1.25879,0.828453
420,6.77726,0.339696
420,-2.69042,-0.484978
420,2.29617,0.514957
420,3.85123,0.325331
420,3.93135,1.21
420,3.47446,-0.205499
420,-9.36187,-0.542348
420,-0.193556,0.848591
420,1.58905,0.415815
420,7.08755,-0.68194
420,6.76865,-0.216784
420,3.59343,1.81872
66,11.1402,-0.679333
420,-7.35028,0.602526
420,3.26159,1.16409
420,-4.84563,-0.591475
420,5.05102,-1.23404
420,6.15883,-0.580553
420,-0.341455,-0.0346561
420,7.45896,1.61636
420,6.92265,-0.265199
420,9.14588,-0.413839
420,-8.73438,-1.35535
420,4.76412,-1.41713
420,3.98519,-0.216057
420,-4.50352,-0.598528
420,0.723984,-0.0854154
420,-1.08185,-0.0511352
420,-8.40968,-1.22791
420,-6.60797,-0.816044
420,-7.51452,-0.710688
420,4.43616,-0.796807
420,-6.72047,-1.06001
420,-7.40296,0.519368
420,8.91044,-0.109984
420,5.48329,-1.21287
420,-7.73215,-0.0224581
420,-6.35214,-0.77164
420,-4.5944,0.729265
420,0.42777,-1.45256
420,-4.52145,1.99083
420,6.64913,1.21142
420,3.12226,-0.251057
420,7.98221,-0.437992
420,-3.47376,-0.423314
420,-6.01446,-1.00487
420,-2.48242,-1.26994
420,5.62122,0.044277
420,0.571739,-0.940157
420,6.87908,0.366655
420,-5.08051,-0.865387
420,8.64994,-0.431361
420,-6.44255,-0.135125
420,1.34045,-2.07336
420,-3.00228,-0.0552638
420,0.013058,1.00834
66,11.1739,-0.42243
420,0.579796,0.817492
420,-1.17601,-0.942935
420,-1.8238,0.580879
420,2.78039,0.159807
420,1.42165,-1.46987
420,-7.48843,0.14478
420,-7.70432,-1.35734
420,-7.78429,-1.03764
420,-7.12683,-1.15224
420,1.99184,0.465426
420,3.68315,-0.152662
420,3.48355,1.08614
420,0.496875,1.05918
420,5.5401,1.26743
420,4.37284,-0.0542604
420,-5.21243,0.900056
420,-3.33778,1.72249
420,-3.40978,-0.160303
420,-6.775,0.175584
420,-7.03554,1.29423
420,-8.55109,0.880085
420,5.94817,0.0477678
420,8.00559,-0.124875
420,-1.45876,0.328863
420,3.1208,1.29294
420,7.48621,-1.40778
420,7.88446,-0.299062
420,-7.52826,1.56547
420,3.7413,0.936615
420,0.528171,-1.40089
420,-5.005,-0.853267
420,3.62794,0.0966917
420,8.37621,0.299657
420,-3.70025,0.0239158
420,-3.60049,-0.960498
420,3.15095,-0.0908659
420,9.09508,0.984811
420,2.18519,0.57542
420,6.56776,0.356119
420,-2.77803,0.100611
420,5.81317,-1.16889
420,-0.244222,0.230693
420,7.89026,-0.738054
420,1.20688,-0.407184
420,-5.68197,1.21323
420,5.15799,0.110865
420,-0.933568,0.66328
420,2.23769,0.622127
420,6.09989,-0.481276
420,-2.50403,-1.05863
420,3.15793,0.429835
420,-2.22589,0.576734
420,-1.87349,0.874078
420,-3.061,0.501391
420,2.71173,0.355824
420,1.39459,0.00412011
420,2.72869,-1.03908
420,0.531635,0.789853
420,6.23401,0.383365
420,-3.30246,1.96159
420,2.30022,2.49666
420,-8.1903,-1.3454
420,7.43377,-8.44637e-05
420,4.80425,-0.270839
420,7.4543,1.42342
420,9.55827,-0.925394
420,2.9634,-1.27553
420,-3.96871,-0.269103
420,-7.04747,2.11432
420,3.02814,0.740903
420,3.37252,-1.94836
420,3.59634,0.674168
420,-3.46481,0.496598
420,1.46552,0.875269
420,-2.94678,0.695674
420,9.40808,1.04996
420,4.79063,0.117036
420,-9.01703,0.896213
420,-3.63323,-0.138156
420,2.45881,0.451744
420,9.11667,0.139701
420,-6.75008,0.106778
420,-3.45504,0.573512
420,3.96515,1.68511
420,-0.32866,-0.916209
420,-5.18986,-1.09808
420,-8.07009,0.107253
420,7.07948,1.25132
420,-6.67871,-1.33449
420,-4.32354,0.33083
420,-5.41703,-0.266197
420,-7.00743,0.0453788
420,-0.772501,0.431779
420,-0.94542,-0.669338
420,-2.82107,1.14957
420,-4.18204,-1.61442
420,2.87802,-0.947409
420,0.641944,-1.27478
420,8.81218,-2.64756
420,8.61968,1.47602
420,-3.60651,0.32983
420,2.11607,-0.131578
420,3.18167,-0.917887
420,6.37502,-1.42424
420,-4.35351,0.492659
420,1.79393,-0.174849
420,-7.64377,0.016688
420,5.2224,1.13673
420,-4.71522,-1.10945
420,-2.80933,-0.499887
420,8.88414,1.06114
420,-8.19232,0.168007
420,0.235645,0.804819
420,2.44915,-0.337285
420,-4.82854,-1.13141
66,-11.0998,-0.0697207
420,0.288206,-0.257504
420,-7.75146,1.56961
420,-5.8384,1.39075
420,-5.76156,1.42613
420,8.27665,0.0928127
420,-5.47555,-0.567964
420,-1.19535,0.923181
420,-9.34737,-0.988771
420,2.64779,0.480045
420,-1.06325,-1.08136
420,0.358612,0.80558
420,5.75716,-0.452098
420,-0.871209,-0.541144
420,-6.19397,1.17948
420,-3.62928,1.29569
420,2.62755,-0.197568
420,-5.06188,-0.224409
420,-4.69635,0.560825
420,5.86983,-1.11453
420,7.28145,0.22764
420,-4.25382,-0.929337
420,-2.0567,-1.23324
420,-5.25393,-0.985634
420,0.475951,0.526638
420,3.76878,0.838214
420,-4.52721,-1.28473
420,-2.82904,-0.103991
420,5.30584,0.190335
420,-9.10303,0.335991
420,-6.56393,0.275109
420,4.08534,-1.84519
66,-11.2414,-0.0875473
420,-1.20355,0.412106
420,-7.90595,0.628007
420,-0.900685,-0.613206
420,-4.64276,0.513943
420,6.25346,-1.51856
420,-0.971081,0.165505
420,-5.05664,-0.389431
420,-3.4887,0.0801938
420,-3.84756,1.01562
420,5.09355,1.06464
420,1.84058,-1.36806
420,2.6821,-1.2557
420,2.73397,-1.19438
420,-6.35566,-1.73013
420,-6.10814,0.460471
420,3.32149,1.56115
420,4.89243,-1.69119
420,-4.46895,-1.9828
420,2.81695,1.13439
66,-11.0798,-1.13905
420,-8.43723,-2.07726
420,6.63331,-1.03781
420,-8.28673,1.25481
420,3.4978,1.67389
420,-3.51298,-2.08614
420,-7.38894,0.149251
420,9.18425,0.5065
420,4.99674,1.03936
420,4.67272,1.00438
420,-3.20297,0.169261
420,0.0827039,1.08714
420,-7.19359,-1.34797
420,-7.31021,-0.0866567
420,-7.64732,-0.195699
420,5.95023,0.126453
420,-3.05231,0.491362
420,6.48538,0.453974
420,1.9557,-0.900872
420,5.03262,0.0802348
420,-2.56133,-0.708812
420,7.84176,-0.497121
420,-0.806892,0.254682
420,7.59629,0.0233917
420,-1.82924,0.944799
420,8.36038,-0.192113
420,-3.55717,-2.30337
420,-0.355948,-1.42306
420,-3.90188,0.0118267
420,6.79493,0.191348
420,0.37779,1.31188
420,-4.93594,-0.208542
420,7.75324,2.01258
420,-2.05367,-1.35246
420,-1.47853,-0.933776
420,-3.08558,-0.641537
420,5.1246,0.523458
420,-1.75447,-0.863044
420,2.43205,0.771238
420,7.55732,0.108779
420,-7.08086,0.246847
420,7.88684,-1.15906
420,-0.489867,0.021242
420,-2.30554,0.00914122
420,-3.13985,-0.143566
420,0.511865,0.551858
420,2.48781,-0.0633348
420,-7.60369,-0.692617
420,2.07564,-1.38109
420,-6.20334,0.44311
420,-3.36184,-1.19904
420,8.16432,0.497212
420,6.62278,1.57687
420,-1.54539,-0.486228
420,-3.35866,-0.562871
420,4.01057,-0.696312
420,3.37319,-1.02285
420,4.83192,-0.688575
420,-3.43459,-0.664594
420,7.87837,0.732653
420,1.3902,1.3674
420,1.34314,1.40271
420,3.4812,-0.240016
420,8.8334,1.66532
420,2.31744,-1.11461
420,8.35043,-0.271055
420,-1.5064,-0.408248
420,2.92462,1.70424
420,-5.63266,0.360032
420,8.32165,1.63101
420,-0.0517299,0.421655
420,-5.51795,1.57654
420,-0.325551,-0.652431
420,-2.10414,-1.20576
420,-6.03484,-0.720538
420,-0.43565,0.965059
420,-2.25806,0.613536
420,7.83709,-0.488439
420,-4.30005,-0.0349511
420,6.96223,-0.25463
420,-8.27355,1.00456
420,5.35517,-0.778515
420,-2.05057,-0.0639942
420,-8.25858,-0.533768
420,-6.26851,-0.197037
420,5.17205,0.0473821
420,3.40119,1.70882
420,-1.82365,-0.00147209
420,-1.24079,-0.51743
420,-8.82076,1.44458
420,-0.669939,0.999644
420,4.28456,-0.623193
420,4.54743,-0.395727
420,0.134674,-0.145344
420,-5.87606,-0.455925
420,0.727201,0.678975
420,-2.92755,0.354689
420,8.10774,-1.92631
420,-6.26831,0.590013
420,-4.36394,0.425019
420,-6.30659,-0.686108
420,3.39437,-1.75235
420,7.88954,-2.1344
420,-2.99198,1.45401
420,-4.47814,-0.117134
420,-3.63629,0.322141
420,5.72869,-0.161104
420,5.26651,0.996784
70.6338,10.9889,0.495047
420,3.81548,-1.53298
420,1.98796,0.678527
420,-5.88028,0.398284
420,2.21464,-0.0791357
420,-6.52947,-0.236256
420,5.08734,-0.496343
420,2.10407,-1.07988
420,3.72365,-0.150371
420,-4.05714,0.632962
420,2.72532,-0.647869
420,1.77738,-0.710432
420,-1.34331,0.0481952
420,-6.94285,0.377345
420,3.28329,0.0161585
420,3.88754,-0.524699
420,-2.17088,0.813037
420,-5.45879,0.27188
420,-8.50166,1.07992
420,-7.61516,0.507222
420,0.719007,0.209685
420,-0.892877,-0.701232
420,-3.83925,2.96448
420,4.80149,1.24464
420,-5.86625,-1.74141
420,-7.02746,-1.47369
420,6.60256,1.40961
420,-6.32905,0.308132
420,-7.03354,0.524193
420,-4.59459,1.42265
420,-9.16516,-0.785304
420,-4.31885,-0.76124
420,-9.17769,-0.897416
420,-1.63159,0.421083
420,-8.30576,-1.3154
420,-4.69394,-0.444835
420,1.42858,-1.87293
420,5.88193,-0.337844
420,7.28247,1.00967
420,-2.27737,0.942463
420,7.44556,0.850185
420,8.406,0.0959718
420,-5.05919,-0.177053
420,-6.88992,0.692144
420,-2.10044,-0.567358
420,1.12561,-0.546195
420,4.59424,0.175788
420,-0.179714,-0.305394
420,-8.23161,-1.1329
420,7.70995,-0.955809
420,7.05684,-0.0891577
420,-4.65792,-0.169914
420,-5.17839,-2.07849
420,-6.80545,0.662049
420,-5.68613,0.350578
420,-6.61976,1.06403
420,-0.425104,0.116421
420,-8.02481,0.85802
420,-0.470699,-0.67839
420,-4.25687,-0.959692
420,-0.0184691,-0.0880956
420,-7.56307,-1.3721
420,-7.69773,-1.73038
420,1.62694,1.00955
420,-7.63987,0.558541
420,-3.67351,0.850548
420,-5.30183,-0.450697
420,-3.74869,0.675177
420,-7.58615,0.107469
420,-3.23059,0.219519
420,8.00644,-0.236806
420,1.09671,-0.743885
420,5.06049,-1.55749
420,-2.22962,-0.955553
420,-5.16141,-0.74785
420,-0.227124,-0.144974
420,-6.82703,-1.16851
420,-4.14961,0.739545
420,-9.13419,-1.81036
420,-8.88569,0.657023
420,-2.19183,1.23667
420,-8.63261,-0.991352
420,-4.97863,-0.290359
420,-1.37282,-0.0957576
420,0.621014,-0.24633
420,-1.2685,0.820324
420,0.592964,0.160359
420,-4.98464,-0.338765
420,7.06793,0.733153
420,2.13243,1.41587
420,-2.86858,-0.717701
420,2.42723,0.749937
420,7.88791,-0.298276
420,2.63427,-0.689373
420,3.91974,0.146431
420,1.52575,1.11615
420,-7.94425,-0.558449
420,5.04992,-0.0660863
420,-3.6307,-0.14389
420,-0.94678,1.66567
420,-6.16412,-1.28831
420,-4.35877,-0.684143
420,-0.912371,-0.212504
420,8.57859,0.635274
420,-0.575759,0.262631
420,5.04994,0.0645472
420,1.72929,-0.688199
420,-2.3936,-0.972495
420,2.02899,1.75947
420,3.73978,1.55844
420,-2.60734,-1.77451
420,3.95618,-0.294756
420,-0.387045,0.538875
420,-4.68974,-0.296491
420,-6.39451,-0.345346
420,4.45028,-0.642155
420,0.628035,0.0922352
420,-0.942098,-0.417021
420,7.62531,1.43525
420,-1.79498,-0.408697
420,-8.34191,1.32421
420,-6.87243,-1.3612
420,2.18681,-0.175071
420,5.40771,-0.514438
420,-1.44208,-0.610075
420,4.89329,1.7822
420,0.4259,0.229179
420,-7.08827,-0.119739
420,-6.52973,-0.23302
420,-2.57633,-1.08038
420,-7.1658,0.694375
420,-4.96783,0.805566
420,0.357963,0.552712
420,5.37708,0.150948
420,0.975799,-0.317524
420,-3.42877,-0.800049
420,-6.21662,-1.41798
420,5.66686,-3.17907
420,-2.49063,0.529013
420,6.75843,-0.625104
420,-1.95514,-0.695475
420,-1.62658,0.681835
420,-5.13729,-0.222645
420,4.44115,0.958761
420,-4.66861,0.937365
420,-6.5832,2.70259
420,-0.0955629,-0.186888
420,2.6704,0.191851
420,-2.55639,0.256718
420,1.97521,-0.580389
420,8.50488,-0.230872
420,2.30589,-1.54936
420,6.78571,0.517775
420,2.74745,-0.618741
420,-0.308871,1.35514
420,6.18105,0.767996
420,3.31461,0.819624
420,-5.66507,0.645788
420,-3.52912,-1.3643
420,4.19106,-0.509131
420,3.46518,-0.0663125
420,3.7306,-1.27763
420,-7.05948,-0.470775
420,-7.91223,-0.243488
420,5.08873,-0.84015
420,6.58687,-1.59177
420,7.79048,0.827519
420,-4.66597,0.937863
420,5.33926,0.18649
420,-0.650062,0.932497
420,3.27994,0.674777
420,3.24051,-1.88177
420,2.63795,-0.225954
420,-4.88921,0.537289
420,-6.0371,-0.23629
420,0.508249,0.694392
420,-0.923325,0.915721
420,7.83783,0.302744
420,2.45592,0.161074
420,-7.39277,0.455869
420,7.21131,0.795727
420,-1.12545,1.56536
420,1.41576,1.38039
420,-4.94776,-0.171674
420,-2.61092,1.21961
420,4.81173,0.204606
420,-4.88834,-0.0749869
420,0.807261,-1.47348
420,-4.39387,0.697677
420,-1.24307,-0.513712
420,5.39593,-1.04734
420,4.06599,-0.449163
420,-6.4089,0.333499
420,-1.91944,-1.43571
420,2.71954,0.245947
420,-8.68545,0.908123
420,-2.57102,1.17078
420,-4.00158,-1.16526
420,-1.04474,-0.205426
420,-1.82002,0.906102
420,-5.51228,-0.00762565
420,8.8583,1.32648
420,8.44381,-0.478777
420,-1.38458,0.188325
420,-2.51382,-1.42418
420,-5.70792,-0.690314
420,-1.73144,-0.512343
420,5.63861,0.678602
420,-6.34431,-1.00015
420,-4.26985,0.546086
420,-1.03492,-0.883256
420,8.08271,1.26717
66,-11.0163,0.295405
420,8.34831,0.1126
420,-7.641,-0.320318
420,0.403837,-0.0240847
420,-8.03413,0.217989
420,-3.66241,0.454238
420,-1.37388,-0.573185
420,6.04496,1.31624
420,5.44804,0.657741
420,-3.77736,1.1954
420,7.06985,-0.661031
420,-8.12538,0.278959
420,8.78815,-0.115393
420,2.68839,0.552128
420,-6.1176,1.24032
420,5.14503,-1.39133
420,-8.78848,0.383765
420,-3.90677,1.42631
420,7.94606,-0.607061
420,-7.02302,-0.272663
420,8.06296,-0.382335
420,-3.87464,-0.0670728
420,3.52178,0.686097
420,-3.61587,-0.258298
420,1.64142,-1.1532
420,7.18422,0.828123
420,-3.47469,0.307493
420,-2.95441,-0.368802
420,0.221816,-0.247836
420,-4.4834,-0.132601
420,4.63024,-0.0658342
420,-3.01528,0.554016
420,-5.39069,-0.261024
420,-8.53365,-0.240953
420,3.69572,1.4179
420,-3.99932,0.0406976
420,2.10691,0.678111
420,0.986263,-1.04897
420,-0.914737,-0.981268
420,-2.34229,-0.206859
420,-1.66101,-0.0253243
420,2.9167,0.952263
420,3.63037,0.143236
420,8.27309,-2.50129
420,-8.91203,0.0999786
420,5.59539,0.191068
420,4.12993,-0.140516
420,1.52664,0.132287
420,-6.21999,0.283537
420,2.43888,2.15632
420,6.42127,-1.54568
420,-5.82711,0.165084
420,-1.22703,0.0908854
420,-6.19151,-0.0176362
420,-1.81555,-0.179516
420,-2.20521,0.689126
420,3.94444,1.4362
420,4.57759,2.17486
420,-0.332807,1.51809
420,-6.19414,0.462844
420,-3.27145,0.00691923
420,6.30029,-0.797924
420,-4.91397,1.20573
420,2.58152,0.61474
420,-3.05262,-0.930136
420,1.51223,1.06454
420,-0.734088,-1.88501
420,0.878237,-1.32761
420,-2.44327,1.07985
420,3.19319,0.0342299
420,7.81134,0.523562
420,3.34527,0.114444
420,-8.05727,0.0748969
420,4.81614,-0.661241
420,0.698143,0.941839
420,-6.09367,-1.02001
420,4.3116,0.115966
420,-0.728273,2.27446
420,7.49797,-0.188481
420,2.24575,-0.12905
420,-3.11512,-0.930766
420,-9.12909,-0.0850731
420,6.04603,0.507615
420,-5.68049,2.44296
420,5.82467,-0.405463
420,-8.59151,-1.15199
420,-0.403787,-2.09412
420,4.50375,0.36723
420,7.97637,-0.305129
420,-1.79045,1.24302
420,-0.263377,-0.488812
420,-3.67675,1.05495
66,-11.0125,-0.935641
420,-8.37812,0.0412971
420,-3.83405,0.512864
420,-0.724735,0.667556
420,-5.41076,-1.29376
420,-5.12042,0.837291
420,-3.98156,1.39303
420,-1.83836,-0.082024
420,-1.65332,-0.043963
420,-7.25295,0.919213
420,-4.39005,0.615308
420,-8.18946,-1.01322
420,7.33339,-0.446973
420,4.98335,0.432455
420,5.88492,-0.242019
420,-3.98857,-1.54357
420,7.54322,-1.56998
420,-5.59145,-0.425802
420,5.81876,-0.414733
420,8.14609,-0.00452374
420,6.96261,-1.01383
420,-4.07498,-0.0129301
420,6.2035,0.0536806
420,-2.43246,-1.3688
420,9.00898,-1.21663
420,2.76536,0.473687
420,4.57526,-0.723576
420,4.74357,-0.287277
420,2.10881,0.476295
420,-1.48248,0.686084
420,5.98685,-1.27094
420,-2.49921,-1.01775
420,-0.692044,1.01576
420,-2.1015,1.84694
420,5.64997,0.551775
420,2.69984,-1.27295
420,-0.770291,0.493481
420,-1.07705,-0.89418
420,-6.57491,0.824993
420,-7.99855,0.41165
420,-8.02576,0.0486911
420,3.34968,1.03864
420,9.09605,-0.229819
420,4.46081,0.755655
420,-5.13564,-0.780702
420,-0.960848,0.37386
420,0.739916,-0.936734
420,-5.88439,-0.580463
420,2.68311,1.13447
420,-2.12134,-0.363298
420,0.995986,1.83955
420,-7.69145,0.90076
420,-1.73582,-0.498682
420,5.60529,-1.84982
420,5.32079,-0.69147
420,7.93374,0.913512
420,-1.02523,0.498597
420,8.32129,0.208924
420,-8.32618,-0.0499063
420,5.44437,-0.101911
420,1.21634,1.37171
420,-2.7296,-1.0784
420,2.30433,-0.650571
420,4.85947,-0.274232
420,5.04199,-0.779298
420,0.811895,-0.739743
420,3.30218,-0.20951
420,-7.82406,2.07452
420,7.336,-1.93028
420,1.35579,1.51307
420,3.96914,0.523717
420,-1.82233,-0.0997885
420,-7.26719,1.41071
420,5.36725,-0.778353
420,-4.09241,-0.229773
420,-3.75272,-1.06557
420,1.17851,-0.0447432
420,-6.35005,-0.117392
420,3.00377,-0.534779
420,3.26934,1.04065
420,-1.82615,-0.118619
420,-1.02847,0.358459
420,1.8648,-1.29405
420,-1.03423,-0.885914
420,9.13973,-0.624768
420,3.25611,-0.426774
420,-2.87258,-0.458747
420,0.573114,-0.0171508
420,8.32102,0.387128
420,-9.79009,0.33166
420,8.47136,0.352446
420,-7.80221,-0.363561
420,-2.51149,0.175244
420,-4.36804,1.22304
420,8.09976,-1.20893
420,-8.22111,2.55149
420,-3.59258,-0.479697
420,7.97751,0.395963
420,2.71608,-0.121746
420,-3.33566,-0.518959
420,0.727296,-0.51975
420,6.91752,-0.0831984
420,6.39845,-1.11961
420,-6.122,0.72646
420,2.28511,0.82421
420,-5.79603,0.986491
420,5.07829,1.10869
420,5.39801,0.0914299
420,2.6113,0.417377
420,-4.92444,0.60602
420,2.02198,0.0614161
420,1.69406,0.823903
420,-7.28729,-1.63412
420,5.96604,0.184159
420,-1.50724,-0.60338
420,1.38873,-0.724567
420,-1.83682,-1.50986
420,-1.2573,1.09738
420,0.853797,-0.283651
420,-3.84675,1.19944
420,-2.19966,-1.06887
420,1.45756,0.0874668
420,-5.76271,0.190526
420,-4.66631,0.539147
420,1.94574,1.55875
420,8.40201,0.580079
420,-0.648299,-0.704784
420,1.52662,-0.370724
66,11.2399,-0.91075
420,-2.32125,0.0323277
420,0.538616,-0.197114
420,-8.51605,0.0873324
420,4.73105,0.360118
420,-7.3049,-0.929029
420,-0.757673,1.2565
420,1.37578,-1.64457
420,-9.05655,1.86306
420,5.23103,0.881719
420,3.68984,0.646356
420,-5.72472,0.682316
420,-1.73181,-0.20087
420,-8.88371,1.26561
420,5.48369,0.800728
420,-8.28913,0.696127
420,5.55014,0.849268
420,5.62864,-0.19883
420,-5.61447,-0.0899426
420,-6.19644,0.401031
420,-0.311864,-2.06314
420,-3.43151,-0.810063
420,-5.33902,-0.61863
420,-1.91107,-0.240421
420,-3.89052,1.7631
420,-4.00824,-0.532433
420,-4.35889,-0.0937698
420,-0.0416039,0.183196
420,6.816,1.18154
420,-4.13892,-1.01021
420,3.38902,-1.0754
420,-6.98099,-0.833071
420,6.73629,-1.75131
420,-8.11556,-0.243276
420,-5.86838,-1.22778
420,3.57387,-0.734627
420,3.78377,-0.62915
420,6.20656,0.998637
420,6.22545,0.538701
420,5.21557,-0.646075
420,0.251473,-0.449934
420,0.249678,-0.0184627
420,-5.06659,0.952138
420,6.88462,0.351468
420,6.94066,-0.120544
420,-0.869682,-1.03319
420,8.26958,1.14945
420,0.876792,-0.524907
420,-5.75486,-0.117609
420,3.66532,0.248278
420,-1.89554,-1.28427
420,3.39262,-1.14753
420,-3.80338,-0.580278
420,-7.89205,-0.993083
420,1.12513,-0.983892
420,-0.962463,0.253841
420,5.04104,1.22095
420,-3.76714,0.195666
420,-5.18726,0.566661
420,-4.14251,0.259416
420,0.497998,0.268679
420,7.46992,-1.4282
420,6.34021,-0.40553
420,-5.02612,-1.11326
420,-7.26045,-0.854939
420,4.25959,0.152233
420,-0.184654,0.0642815
420,0.530698,-2.16725
420,0.0773355,0.359414
420,-1.94209,-1.31417
420,2.06604,-0.0405053
420,9.3602,-0.88232
420,-2.79003,0.0844927
420,9.1093,1.05243
420,-6.09524,-0.742384
420,-3.4598,-0.0129361
420,-7.77871,0.797419
420,-4.59006,0.281727
420,0.76983,0.224135
420,-8.61052,0.74288
66,-11.3825,0.0260976
420,-4.33638,0.42494
420,7.23732,2.49131
420,0.0763222,0.550629
420,4.76322,1.50781
420,0.221083,-0.63388
420,-1.96664,1.27496
420,-6.36421,-1.927
420,-0.275836,0.535256
420,-5.2816,0.240054
420,2.88674,-0.170643
420,-2.35471,0.729355
420,7.8827,1.20153
420,-8.70656,-0.579991
420,-3.31817,1.11422
420,4.59588,0.708707
420,2.37579,1.07465
420,-3.39165,0.856276
420,-5.82867,-0.839714
420,-0.907614,-0.331396
420,-1.01499,2.71568
420,4.95789,0.692017
420,8.49478,0.712172
420,-8.08381,-0.0436891
420,-4.52017,-0.395159
420,1.7281,1.65145
420,2.08274,1.38018
420,-5.69239,-0.757165
420,-5.13309,0.699016
420,-6.36314,0.279858
420,-2.1405,-0.343853
420,1.90369,-0.0097796
420,-6.73407,-1.88539
420,4.83371,-0.748579
420,-7.41299,0.284728
420,9.16083,-1.67503
420,-6.44626,-1.04721
420,-1.60957,-0.817405
420,-2.91899,0.464335
420,-3.80196,-0.79206
420,6.12632,1.27002
420,5.86329,-0.318792
420,-2.35917,1.90231
420,7.87285,-0.124994
420,-7.08472,-1.45564
420,4.42604,0.711322
420,-1.0273,-0.477918
420,9.62923,-0.122844
66,10.9483,-1.33525
420,5.30152,-1.52472
420,-1.05607,-0.984385
420,-7.50198,0.590994
420,-8.17086,1.01776
420,-4.05617,-0.197015
420,-3.06771,-1.40088
420,8.13459,-0.639563
420,-1.08883,-0.598542
420,-0.101581,2.87569
420,4.41907,1.264
420,-0.764237,-1.64234
420,9.11832,1.16225
420,9.47986,0.00593839
420,3.29969,0.153626
420,-5.29667,1.03112
420,6.25371,-0.999461
420,0.211673,-0.316581
420,5.4109,0.995038
420,-5.50473,2.00298
420,-5.77467,0.0975621
420,-0.451104,0.364861
420,-7.82198,-0.078651
420,7.0835,0.1406
420,-8.28304,-1.55104
420,4.58877,-1.23918
420,-6.08021,0.75474
420,-5.2097,-0.874638
420,-0.691763,-0.14893
420,-0.27984,2.51969
420,-4.71214,0.440851
420,9.11726,1.48472
420,3.77849,1.27007
420,3.82301,0.483078
420,1.35734,-0.197983
420,-1.77569,0.64717
420,-7.83898,0.36968
420,4.04914,0.989126
420,4.19745,0.189002
420,8.59874,-0.240551
420,-4.82214,-0.768005
420,-6.56585,-0.585578
420,-3.18005,1.41937
420,7.95778,0.600525
66,-10.9876,-1.35578
420,-1.38876,-0.332617
420,5.50093,1.73427
420,0.487347,-1.2732
420,-1.46697,1.58407
420,-0.726957,-0.156188
420,4.42734,-0.374841
420,4.04121,-0.745835
420,7.09341,2.01401
420,-0.310919,0.409132
420,1.15465,-0.351564
420,8.74421,1.22963
420,-7.96955,-0.437792
420,-5.72483,0.783967
420,-3.92979,2.37617
420,-0.197594,0.424789
420,7.13594,-0.695612
420,8.30117,1.26602
420,-3.13707,-0.0382831
420,-5.68481,-0.233688
420,-6.05417,-0.961308
420,0.422795,0.0150322
420,-4.97118,0.744251
420,4.05426,-0.278376
66,11.079,-0.520541
420,4.20279,-1.12178
420,-8.26224,-0.0761368
420,2.45874,-1.04094
420,-3.30203,0.685915
420,6.18115,-0.750861
420,-7.2534,0.596434
420,3.60863,-0.710645
420,2.90835,0.11932
420,-7.22932,-0.89039
420,7.92833,-0.951948
420,2.52115,-0.570045
420,-5.25189,1.11349
420,4.23889,-1.05404
420,-6.82013,0.805652
420,-7.49003,-0.0386662
420,2.34866,-1.64552
420,-3.59876,-1.19303
420,-5.07454,0.666661
420,8.43023,0.0733301
420,-0.353941,-0.385903
420,-6.31315,-0.529512
420,-4.00947,-0.0770853
420,-8.73183,2.06891
420,-4.76833,-0.49173
420,9.67413,-0.306151
420,5.8504,1.56797
420,-5.50328,-0.856388
420,4.34011,1.89386
420,-5.85907,0.243032
420,1.69939,-0.544198
420,-1.76158,-0.484573
420,-4.76755,0.979209
420,-7.19219,-0.318044
420,6.77582,0.0733555
420,-3.89921,-0.565786
420,5.6141,-0.629717
420,8.10966,1.12829
420,2.03302,-0.889637
420,8.2344,0.996003
420,-5.9732,-1.10293
420,-5.85509,-0.254485
420,1.97464,-0.713703
420,-4.16612,-0.93898
420,8.31932,0.975717
420,5.86135,0.156908
420,-4.69931,-1.25589
420,-1.97048,-0.892117
420,-0.586131,0.653585
420,-8.92336,0.546388
420,-3.89432,-1.01174
420,8.11432,-0.328799
420,-3.1017,0.671465
420,4.64907,-0.666647
420,-4.80832,1.78594
420,-1.1089,0.0749583
420,0.327186,-0.451868
420,1.46853,1.14903
420,-2.2251,0.0384221
420,6.43992,0.624682
420,-0.00928041,-0.108149
420,7.0716,1.52181
420,0.187472,0.51073
420,8.08859,0.0499864
420,5.11449,0.0141871
420,-2.37336,-0.847286
420,-8.77937,1.05248
420,8.54713,0.344129
420,-6.1947,0.636925
420,-4.18334,-0.983969
420,7.17907,-0.151285
420,5.71271,-1.1214
420,-5.34037,0.0517486
420,-7.28377,0.974977
420,8.59394,0.25107
420,-1.31651,0.439371
420,8.58134,0.810168
420,4.74726,0.839713
420,-6.31339,-1.87901
420,0.459746,1.41459
420,2.51633,1.18247
420,-4.40788,1.07725
420,0.170075,0.699288
420,-2.44053,0.230096
420,-8.77327,-0.421766
420,-4.00338,-1.51256
420,2.75377,0.540837
420,2.68159,0.944284
420,2.07582,0.718982
420,1.87979,-0.405476
420,-3.4229,1.33169
420,-5.7643,-1.41153
420,3.83002,2.37849
420,-5.13138,-0.917334
420,-1.87435,-0.201079
420,-7.05148,0.643515
420,-1.01489,0.748676
420,-5.55554,0.942718
420,2.3307,0.788323
420,6.84208,-0.439562
420,4.5927,0.428864
420,6.05161,0.474059
420,-4.35714,-0.468676
420,-4.42449,0.270236
420,0.522047,-1.56784
420,-8.90303,0.74129
420,-3.6578,0.122362
420,-6.38315,-0.0307805
420,-5.83964,-1.68777
420,6.55131,-0.391663
420,0.71524,1.33902
420,-4.74826,-0.998146
420,0.122933,-0.703103
420,-2.18905,-0.760275
420,-7.02664,0.268473
420,-8.19372,0.0887513
420,2.77279,-0.196854
420,2.31164,-1.23187
420,-2.73129,-0.158412
420,-2.21802,-0.551961
420,4.50703,0.475336
420,6.24369,0.884819
420,-7.60084,-1.21858
420,-8.36239,0.400552
420,8.37993,-1.83944
420,-2.03618,0.0357531
420,7.04544,-0.399805
420,4.249,1.2066
420,-3.15599,0.336715
420,6.1848,-0.597849
420,-2.04517,-0.0932572
420,0.0615441,0.620976
420,4.20944,-0.829975
420,-3.13307,-0.596305
420,-3.14872,-1.45401
420,0.762246,-0.610643
420,-1.50707,-1.76805
420,2.35682,-0.119266
420,0.510992,0.419654
420,-2.1765,-0.412123
420,-2.41452,0.978727
420,3.20813,0.662022
420,7.19685,-0.0630997
420,-6.40794,0.944848
420,-3.70761,-0.288956
420,-1.47616,-1.2646
420,7.26532,-0.647558
420,-7.83311,-0.160146
420,-4.63563,0.101497
420,0.434755,-0.789481
420,-7.06467,0.597922
420,2.2966,0.391668
420,7.67597,-0.318973
420,8.01144,-1.22506
420,-1.26563,-0.179353
420,0.314188,1.79636
66,-11.3306,0.0903052
420,8.2087,0.125519
420,-2.44161,0.303515
420,-7.82503,0.01631
420,-4.59008,-0.574222
420,-3.97685,-0.151243
420,-0.075813,0.41579
420,1.07851,1.45544
420,4.1796,-0.293204
420,4.50007,-0.439575
420,-3.48188,-1.79928
420,-5.2771,0.837
420,-5.40072,-0.540225
420,-8.08341,-0.551241
420,0.355698,0.513309
420,-3.69979,-1.09437
420,6.5659,1.39401
420,-6.93831,-0.0566974
420,-8.43142,0.652663
420,6.53939,-0.582266
420,5.28394,-0.076212
420,3.30076,-0.943547
420,-3.51195,-0.176563
420,1.35163,1.11197
420,-6.41778,0.819447
420,-6.03258,-0.10774
420,6.2726,1.09291
420,-3.60457,-0.158395
420,6.12604,0.489354
420,-5.39262,-0.462769
420,-8.42411,1.5224
420,3.37866,0.147161
420,1.72986,-1.53318
420,7.58874,0.584158
420,7.09407,-1.49709
420,-4.50577,-0.704516
420,0.47862,-0.510373
420,0.509392,-0.185427
420,2.93729,1.06473
420,4.56257,-1.32399
420,-7.58692,0.423824
420,-7.84188,1.87877
420,0.467203,0.596929
420,-6.72511,0.29833
420,3.89522,0.892362
420,2.43359,1.61418
420,-4.2641,-0.384596
420,-7.01155,-1.16983
420,-0.403562,0.27319
420,1.58536,1.08689
420,1.4167,0.417763
420,9.09182,-0.515706
420,-3.00554,-0.510163
420,8.16707,-1.50096
420,5.20345,-0.712038
420,-6.57369,-0.341949
420,-8.57798,0.114978
420,5.40587,1.12579
420,5.75628,-0.578033
420,-1.86911,-1.01469
420,-2.11241,0.91031
420,-1.47779,-1.60171
420,-4.51284,-0.74462
420,-2.33462,0.535594
420,-5.88174,0.505305
420,-5.35039,-0.79131
420,-5.69461,1.44971
420,-6.0364,0.588558
420,5.34469,-1.35702
420,-8.12993,1.50087
420,-7.5769,-1.04039
420,-8.1849,1.33519
420,-6.71252,-1.62926
420,0.275329,0.513323
420,4.12509,0.192117
420,-3.48888,-0.0454928
420,-1.33303,-0.523122
420,-8.75163,0.851465
420,-5.91026,-0.305376
420,7.95769,-0.196586
66,-11.3448,-0.0901007
420,5.43043,0.102806
420,-1.64951,-0.0599319
420,4.43277,-1.25616
420,7.63844,0.506846
420,4.19474,1.06952
420,3.71201,-1.14804
420,-1.8517,-1.15493
420,8.69021,-1.00768
420,0.564352,0.690307
420,3.93047,1.26135
420,-6.52253,0.24452
420,-0.910763,0.0879175
420,6.2442,-0.475198
420,-3.7282,0.801197
420,9.15385,-0.105629
420,3.74943,-1.5635
420,5.7173,0.0641203
420,-2.97939,1.37584
420,-6.96659,-0.232579
66,-11.1478,-1.18366
420,7.8495,0.903722
420,6.24131,0.696408
420,-6.07009,0.0898092
420,-4.23394,-1.17461
420,-2.77264,-0.163075
420,1.18042,1.01264
420,-6.28592,-1.25319
420,-4.35383,-0.527113
420,-7.6067,0.347334
420,-8.91209,0.10334
420,-8.16665,1.23548
420,-5.17201,1.20483
420,-7.23634,-2.32477
420,4.5053,-0.845253
420,-5.85123,1.41264
420,5.82515,1.34606
420,-8.06629,0.90018
420,5.19305,1.58397
420,5.3903,0.117211
420,-5.28232,-0.230495
420,6.98256,0.24937
420,-5.36072,-0.469349
420,-0.987218,0.27134
420,-4.61487,2.04938
420,-1.14239,0.807403
420,8.62373,0.302449
420,6.81757,-1.03957
420,6.08368,-1.15532
420,-6.52842,-0.898043
420,4.94431,1.43714
420,0.387326,-1.75934
420,5.95368,0.521308
420,4.08785,-0.313132
420,2.61227,-0.815796
420,-6.1808,-1.49269
420,-2.7086,0.138974
420,-4.26174,0.0213966
420,8.22384,-0.999199
420,-8.63371,-0.793902
420,8.02568,-0.827807
420,-8.14283,-0.879883
420,6.30773,0.740121
420,0.242123,-1.21115
420,5.16615,0.158384
420,-6.38632,-1.29547
420,-3.73366,-0.493501
420,-7.818,0.5895
420,5.74909,0.604955
420,-8.90981,-0.388433
420,5.99414,0.106506
420,-3.41803,0.298488
420,-1.65646,-1.04287
420,6.79503,-0.826621
420,3.34705,-1.2493
420,4.01862,-0.35124
66,-11.0407,-0.875077
420,0.525889,-0.28312
420,-6.63212,0.218231
420,-4.17058,1.23722
420,-2.89582,-1.43215
420,-5.76136,-0.682216
420,-8.20934,-0.43781
420,4.71438,-1.23925
420,6.3548,-0.949017
420,3.68876,0.672935
420,-2.11466,-0.759002
420,-4.73592,-0.231969
420,3.37721,0.459288
420,8.74597,1.34508
420,3.16316,-1.0274
420,8.91639,-0.57504
420,-2.15217,-0.635777
420,-4.25588,-0.395144
420,-7.05092,-0.130283
420,1.3482,-1.19668
420,8.2661,1.65925
420,2.69416,-0.397451
420,-1.5046,0.592847
420,2.21632,-0.696366
420,-3.70306,-0.530335
420,6.40025,-0.198331
420,-3.80392,-0.830724
420,-1.44994,0.151009
420,1.37125,1.25162
420,-7.70602,-0.31182
420,-6.42491,0.677854
420,-7.40984,-0.717245
420,-8.35862,1.30745
420,-6.96102,-0.13703
420,-4.66498,-1.14431
420,-4.61587,-0.876735
420,-1.2351,1.42602
420,-1.26471,-1.03106
420,-5.01347,-0.938705
420,4.19016,0.643469
420,-4.01014,-1.8243
420,-5.17138,1.78089
420,-1.23659,1.05486
420,0.219937,-0.780026
420,-3.92164,-0.236745
420,1.25,-0.210723
420,-0.92856,0.292649
420,6.14147,-0.267029
420,-8.84311,-1.21407
420,4.13249,1.51343
420,5.77203,-0.38779
420,0.324775,0.744837
420,2.01865,-0.711362
420,-2.74515,-0.800807
420,-6.21463,1.25092
420,-7.70668,0.862069
420,-3.10506,0.120543
420,-7.1014,0.945561
420,-5.36935,-0.127657
420,-7.32929,0.287301
420,2.97221,0.591286
420,-3.77386,0.158414
420,0.609866,0.799039
420,7.08078,0.358373
420,4.49949,0.458735
420,-4.24503,-0.405197
420,-2.03026,-0.322442
420,4.12288,-0.222712
420,-3.85718,2.38538
420,-7.84467,-0.847804
420,-0.282881,0.317746
420,-4.26346,-1.90131
420,8.83823,-0.196755
420,-4.99613,-0.00796172
420,-6.96136,1.44961
420,0.379946,-0.587247
420,1.79234,0.166279
420,6.06387,-0.340452
420,-8.04725,1.49367
420,1.27194,0.292783
420,7.16312,-1.03777
420,2.44688,-1.25784
420,2.77162,0.371959
420,0.419799,0.0952107
420,-6.92292,0.270796
420,2.85652,-0.124555
420,-4.73954,1.53531
420,-1.24965,0.86535
66,11.258,0.403292
420,-2.94698,0.499331
420,-0.70895,0.973766
420,3.97425,-0.980002
420,-1.26173,0.153856
420,6.66819,1.515
420,0.0825499,-0.452635
420,6.23379,-0.385639
420,1.27094,0.483496
420,8.16705,-1.61548
420,-3.44266,-0.607507
420,1.25776,1.26127
420,-7.87274,0.920741
420,-2.05269,0.757643
420,2.31884,0.657648
420,8.20547,0.354055
66,10.9937,0.444783
420,3.09523,-0.772419
420,-6.27692,-1.21872
420,-6.65199,0.692386
420,8.49799,-1.32992
420,-0.52343,-1.11476
420,1.40601,-1.07458
420,1.52439,-1.12964
420,2.59741,0.301151
420,6.84117,1.13382
420,-6.7892,-0.241378
420,-0.961674,0.501393
420,4.85926,0.708747
420,-3.39118,0.0128617
420,-6.33853,0.00295293
420,-7.44096,0.293915
420,-4.97115,-1.04277
420,-3.57506,-0.537032
420,-8.24454,0.928725
420,-5.19023,-0.859843
420,-0.300359,-0.686498
420,-0.193331,-0.531828
420,-2.84017,-0.241473
420,6.49129,-1.0418
420,6.9787,2.70699
420,-4.65507,1.37033
420,-7.52613,-1.20209
420,1.27409,1.11018
420,-1.3605,-0.947778
420,7.36204,-1.07042
420,5.28574,0.614797
420,-3.48211,0.140852
420,8.4881,-0.772539
420,-3.6564,-0.180194
420,-2.49523,-1.04472
420,7.42136,0.673639
420,-0.923362,-1.28317
420,-0.0840554,0.311161
420,6.21895,0.208218
420,-7.08081,1.06169
420,0.463599,0.434285
420,-7.17704,0.299112
420,9.10462,-1.35075
420,0.880672,0.389195
420,-0.996138,0.368225
420,-6.56257,0.169758
420,9.11405,1.36937
420,7.92913,-0.340632
420,-7.40564,-2.18333
420,-5.78041,1.45862
420,7.04581,0.40676
420,5.56535,-0.195359
420,8.0005,-1.53236
420,-5.11194,-0.194772
420,4.28617,-0.477907
420,-8.76799,-3.11688
420,5.60776,0.999493
420,-6.63279,0.451421
420,-2.66792,0.337409
420,8.34844,0.380001
420,5.42776,-1.43347
420,7.70622,0.275181
420,-8.66516,0.142373
420,6.03987,1.30199
420,-8.2809,-1.04945
420,6.10329,0.141086
420,-4.50199,0.603268
420,0.63266,0.492709
420,8.03298,-0.202945
420,2.06061,-0.11687
420,7.09241,-0.662415
420,-6.52356,-1.21732
420,5.46445,-0.688276
420,3.90863,-0.605174
420,1.26199,-0.78599
420,1.06013,-0.18738
420,-6.53436,-0.746642
420,6.30496,0.029606
420,-1.85354,0.390262
420,-9.18006,1.13444
420,-4.99187,2.3325
420,-3.83792,-0.830178
420,-5.78681,1.2667
420,7.79675,-0.0237295
420,3.04602,0.00921885
420,2.64997,1.45333
420,-6.26806,0.501888
420,-8.339,-0.148195
420,-2.34233,-0.510415
420,0.982078,1.04434
420,-5.4391,0.940901
420,3.33563,0.159431
420,6.89241,0.756003
420,-3.84202,-0.265219
420,-2.69123,-0.590215
420,8.0269,-0.292906
420,-1.94857,0.885777
420,0.0097545,1.61809
420,6.45075,-0.956126
420,-8.29607,0.621177
420,1.45681,2.01314
420,-5.64169,1.80463
420,-2.26869,0.147479
420,-2.5308,-1.48771
420,0.436179,-1.16232
420,-3.88503,0.531547
420,-4.32452,-1.24344
420,5.57078,-0.887556
420,5.44354,-0.537413
420,-0.439567,0.409966
420,6.10559,-0.686637
420,1.79015,0.120267
420,-6.27665,-2.04785
420,-7.66815,-1.41758
420,4.36059,-0.617149
420,-6.30233,0.296925
420,8.57872,1.09272
420,-9.43002,-0.471989
420,-4.14163,1.49303
420,7.16625,0.689599
420,5.89342,-1.67558
420,-8.72063,0.16732
420,2.78128,-0.760457
420,-1.70915,-1.37525
420,-1.77493,0.798312
420,-0.850148,-0.0435777
420,6.84401,0.231517
420,5.82445,0.0900382
420,-5.89183,0.070997
420,-5.50992,-1.66796
420,8.69286,0.89573
420,0.0906632,1.80671
420,-2.54558,-1.75929
420,3.30421,-0.817171
420,4.9088,-0.660537
420,1.73821,-0.298448
