------ Begin Next Fly'm ------
Running custom Workbench.lua
3.47519
3.47941
3.46866
3.46331
3.46284
3.46126
3.47751
3.45284
3.44403
3.46647
3.46019
3.4438
3.46631
3.44902
3.46195
3.47629
3.48245
3.45018
3.46693
3.45588
3.45698
3.45741
3.47881
3.46327
3.45783
3.46791
3.46737
3.46199
3.48252
3.46127
3.46872
3.45703
3.45658
3.44855
3.46695
3.4619
3.4468
3.46632
3.47195
3.44785
3.47339
3.45194
3.45615
3.47279
3.473
3.45012
3.48178
3.46089
3.45596
3.46278
3.45714
3.4562
3.4713
0.904439
3.44818
3.46664
3.44428
3.46048
3.44953
3.44219
3.46512
3.47163
3.4773
3.46145
0.884872
3.45291
3.48777
3.45075
3.48227
3.44987
3.4438
3.44808
3.46463
3.45749
3.46625
3.46684
3.4496
3.46285
3.45298
3.46958
3.47322
3.46912
3.46155
3.46427
3.45533
3.45682
3.43926
3.45005
3.46081
3.44953
3.46263
3.45539
3.451
3.46764
3.46356
3.46609
3.46099
3.47166
3.44285
3.47123
3.45214
3.4636
3.4546
3.47975
3.46168
3.46435
3.45066
3.46297
3.46437
3.45456
3.46369
3.45773
0.905138
3.46551
3.47381
3.46944
3.46083
3.46503
3.46743
3.46403
3.45948
3.46174
3.46215
3.48098
3.47122
3.44878
3.47557
3.45882
3.45644
3.46323
3.47086
3.47549
3.45411
3.46076
3.45142
3.46967
3.45778
3.46346
3.4611
3.45922
3.47378
3.45674
3.47507
3.45168
3.47156
3.45472
3.46258
3.48096
3.4532
3.46239
3.4627
3.45414
3.46304
3.45367
3.45549
3.45846
3.47406
3.45649
3.46465
3.46723
3.48358
3.45974
3.47111
3.44584
3.45719
3.46643
3.45843
3.47402
3.47813
3.45624
3.46664
3.45628
3.45464
0.899457
3.46557
3.46579
3.4565
3.46355
3.46483
3.46439
3.44458
3.47068
3.47265
3.47024
3.46783
3.4627
3.46149
3.46207
3.45983
3.4796
3.44766
3.46734
3.4687
3.46707
3.46547
3.47065
3.45811
3.46894
3.45824
3.46673
3.45529
3.46481
3.46794
3.44621
3.45031
3.46635
3.47567
3.45695
3.47682
3.4568
3.471
3.47038
3.46142
3.44844
3.47575
3.45903
3.47044
3.46424
3.47127
3.45379
3.48977
3.4586
3.45495
3.47189
3.4622
3.45858
3.4644
3.47327
3.46345
3.45308
3.45849
3.45223
3.44714
3.43987
3.46891
3.46615
3.45883
3.44793
3.4446
3.45435
3.45475
3.47716
3.46063
3.47911
3.46711
3.46498
3.451
3.44644
3.45152
3.47229
3.46365
3.45383
3.47123
3.46146
3.45965
3.47412
3.46768
3.47712
3.45344
3.45945
3.45807
3.46726
3.46503
3.45341
3.44337
3.46267
3.46595
3.46375
3.48046
3.45944
3.46774
3.4654
3.45191
3.46429
3.45779
3.46951
3.46114
3.46151
3.47667
3.46471
3.45524
3.45592
3.45975
3.45813
3.46005
3.46121
3.46563
3.46355
3.48119
3.45804
3.45722
3.45706
3.46163
3.45729
3.46657
3.44755
3.45858
3.45346
3.47562
3.45887
3.46895
3.46783
3.47466
3.45824
3.48217
3.47544
3.47199
3.46433
3.47057
3.44648
3.47636
3.43799
3.45404
3.43487
3.4621
3.48936
3.46967
3.46907
3.4632
3.47081
3.45974
3.47051
3.47599
3.44963
3.46617
3.47407
3.48875
3.46632
3.47316
3.45581
3.46452
3.46813
3.45897
3.45204
3.46799
3.46747
3.45167
3.47659
3.45582
3.46685
3.45105
3.47076
3.44804
3.47865
3.45661
3.4518
3.46207
3.49061
3.46985
3.45581
3.46231
3.47028
3.47768
3.46977
3.45706
3.4654
3.44921
3.46368
3.48103
3.44801
3.47266
3.45344
3.45793
3.44942
3.48547
3.46918
3.46569
3.4797
3.4573
3.45257
3.45524
3.49341
3.44668
3.4724
3.45521
3.46993
3.45357
3.46184
3.44929
3.475
3.44126
3.46567
3.4593
3.46061
3.46255
3.45967
3.4661
3.45387
3.47143
3.45844
3.45967
3.46085
3.46101
3.46206
3.47235
3.46954
3.46552
3.45472
3.47979
3.44639
3.46017
3.45499
3.46945
3.46214
3.4644
3.47432
3.45888
3.47506
3.46018
3.45636
3.46586
3.47328
3.45516
3.45898
3.47225
3.45016
3.46724
3.4823
3.46331
3.45362
3.4553
3.47836
3.46392
3.46767
3.4678
3.45687
3.45991
3.45275
3.46822
3.45384
3.47763
3.46953
3.45634
3.47318
3.46897
3.45917
3.47209
3.47575
3.4546
3.4561
3.46198
3.45224
3.4665
3.46668
3.44948
3.45559
3.4615
3.4576
3.45728
3.45133
3.46524
3.44532
3.4551
3.45889
3.45033
3.47493
3.47244
3.47728
3.47096
3.4634
3.45419
3.44808
3.46667
3.46175
3.48196
3.4702
3.46184
3.45186
3.4655
3.45672
3.45644
3.4697
3.45
3.45655
3.45642
3.48062
3.46996
3.46424
3.44936
3.47006
3.46752
3.4663
3.45788
3.45587
3.46655
3.47285
3.45997
3.45877
3.46438
3.4534
3.47681
3.46188
3.46931
3.45811
3.46578
3.45877
3.44476
3.45362
3.4506
3.45398
3.46726
3.45268
3.45838
3.47807
3.45418
3.46827
3.4571
3.46453
3.46613
3.46563
3.46226
3.47827
3.46438
3.45907
3.46549
3.46135
3.47914
3.45715
3.45159
3.46546
3.46102
3.45903
3.47218
3.48416
3.48006
3.46623
3.45578
3.46505
3.46563
3.44907
3.46093
3.47049
3.47064
3.47377
3.48748
3.46627
3.48142
3.45045
3.46782
3.45818
0.896444
3.47424
3.47602
3.46708
3.4585
3.46988
3.44992
3.46089
3.45808
3.47578
3.46142
3.48457
3.45754
3.46103
3.46279
3.45587
3.45999
3.45963
3.47454
3.46521
3.46961
3.46635
3.47578
3.46873
3.47312
3.46306
3.45767
3.45632
3.47333
3.45994
3.46112
3.45501
3.47171
3.48143
3.45491
3.45502
3.46602
3.45772
3.47353
3.46477
3.45971
3.46666
3.48157
3.47218
3.45009
3.46822
3.45582
3.47311
3.47369
3.44253
3.46225
3.45652
3.47562
3.46066
3.47014
3.45389
3.46131
3.47817
3.45571
3.46676
3.45397
3.4646
3.45949
3.46649
3.45949
3.45188
3.44704
3.46278
3.47064
3.46124
3.4621
3.4592
3.46247
3.46041
3.44891
3.47453
3.46671
3.46123
0.90059
3.46009
0.891012
3.47315
3.47013
3.47377
3.46405
3.4573
3.45654
3.46147
3.47743
3.45732
3.46361
3.46115
3.46451
3.46212
3.46727
3.45878
3.47311
3.44901
3.46981
3.44677
3.45157
3.47014
3.46385
3.45647
3.46257
3.48417
3.46816
3.46523
3.46611
3.4624
3.46062
3.45041
3.45986
3.4606
3.45852
3.46508
3.45729
3.45201
3.44958
3.47148
3.4648
3.4815
3.45527
3.47275
3.48183
3.45348
3.47223
3.46287
3.46371
3.4723
3.47828
3.45695
3.46001
3.46153
3.46755
3.45998
3.45806
3.46508
3.47368
3.45552
3.47752
3.46938
3.46126
3.45244
3.46283
3.45798
3.47435
3.47551
3.4611
3.47025
3.47244
3.47704
3.47607
3.4443
3.46233
3.4529
3.4556
3.46503
3.4542
3.45175
3.47889
3.46764
3.44982
3.46623
3.46205
3.4619
3.46643
3.46949
3.45906
3.46474
3.46803
3.47743
3.4581
3.47013
3.4793
3.46369
3.46356
3.4549
3.45932
3.47366
3.46996
3.46429
3.45842
3.4521
3.46738
3.46199
3.46154
3.46348
3.46377
3.45183
3.44313
3.46229
3.47619
3.45428
3.47117
3.45887
3.45551
3.46157
3.46321
3.46259
3.4764
3.45905
3.47676
3.46254
3.47745
3.44959
3.46026
3.44604
3.45652
3.47714
3.45627
3.46289
3.46108
3.47324
3.46312
3.48274
3.46891
3.45373
3.47327
3.44907
3.45125
3.46524
3.43631
3.47987
3.46056
3.47588
3.45683
3.4631
3.45758
3.44822
3.44568
3.45651
3.45612
3.46863
3.46393
3.464
3.45179
3.46385
3.46364
3.45305
3.45635
3.45496
3.46384
3.46184
3.46497
3.46188
3.47504
3.46681
3.46029
3.46015
3.45408
3.45298
3.46914
3.45846
3.46418
3.45818
3.47079
3.46435
3.47204
3.45906
3.46543
3.47905
3.46064
3.47588
3.45859
3.46742
3.47288
3.46273
3.45892
3.46809
3.47087
3.45944
3.48681
3.46292
3.46409
3.45182
3.47255
3.45149
3.45273
3.48282
3.49585
3.46012
3.46295
3.46594
3.4751
3.44703
3.46382
3.47228
3.46229
3.45845
3.46608
3.46149
3.46943
3.47173
3.46599
3.4696
3.46711
3.45294
3.45736
3.47063
3.45807
3.4389
3.47944
3.4697
3.46842
3.46611
3.46022
3.45703
3.45015
3.45143
3.46394
3.46522
3.46483
3.45437
3.46612
3.45152
3.46797
3.47923
3.47031
3.45661
3.45866
3.45876
3.46993
3.46815
3.46375
3.45736
3.47249
3.44961
3.47677
3.46688
3.46397
3.47693
3.46487
3.46617
3.46476
3.45817
3.45542
3.45867
3.46526
3.46479
3.46149
3.46764
3.45242
3.4668
3.46674
3.45626
3.46049
3.48779
3.4682
3.46696
3.44771
3.47129
3.45867
3.46309
3.45705
3.4603
3.46556
3.45969
3.471
3.45374
3.45349
3.46891
3.4768
3.47684
3.44825
3.47234
3.47172
3.48515
3.45693
3.46339
3.46422
3.45699
3.47666
3.452
3.46245
3.46496
3.4622
3.47787
3.46018
3.44777
3.47197
3.46243
3.46963
3.45669
3.46521
3.45616
3.46053
3.45217
3.45871
3.47797
3.44426
3.46056
3.46642
3.46848
3.45408
3.46388
3.4521
3.45873
3.47107
3.45379
3.45667
3.45719
3.46546
3.45756
3.45952
3.4298
3.47655
3.45294
3.46447
3.46372
3.47522
3.46849
3.46072
3.45713
3.45654
3.46357
3.45817
3.46842
3.45475
3.4499
3.46891
3.4514
3.47391
3.45795
3.46593
3.45767
3.46331
3.46351
3.44407
3.46542
3.45989
3.46146
3.45862
3.46834
3.46571
3.46652
0.90612
3.46237
3.46958
3.46473
3.45724
3.46906
3.46046
3.46842
3.46088
3.45612
3.45438
3.45073
3.46522
3.45711
3.45734
3.46526
3.47101
3.44392
3.47136
3.45513
3.46738
3.46208
3.47825
3.46387
3.48378
3.4579
3.4596
3.45426
3.4722
3.44821
3.46651
3.45423
3.46819
3.45418
3.46554
3.46076
3.4473
3.4596
3.47251
3.46321
3.4825
3.45347
3.45291
3.45982
3.47311
3.4436
3.45532
3.45194
3.45597
3.4537
3.44698
3.47412
3.46447
3.46193
3.46185
3.46824
3.47469
3.47141
3.46742
3.48147
3.4686
3.4613
3.46229
3.46993
3.46796
3.46051
3.48136
3.46119
3.47298
3.47112
3.45069
3.47181
3.46532
3.45485
3.4893
3.46032
3.45704
3.46963
3.45465
3.45309
3.46789
3.4669
3.46716
3.47162
3.45366
3.46519
3.47862
3.45526
3.45904
3.47555
3.45698
3.47404
3.47561
3.45684
3.47182
3.45678
3.46328
3.45569
3.46419
3.45933
3.46185
3.45522
3.4522
3.45457
3.46581
3.46632
3.46566
3.47531
3.45721
3.46953
3.46754
3.46162
3.46307
3.45794
3.46013
3.47372
3.46191
3.46415
3.44131
3.46289
3.45704
3.44955
3.4754
3.47483
3.46045
3.4696
3.4689
3.46304
3.47292
3.45845
3.46492
3.46699
3.46123
3.45646
3.45817
3.45694
3.47154
3.46563
3.47303
3.47051
3.47998
3.44535
3.47427
3.46029
3.45217
3.45427
3.45898
3.47023
3.45874
3.43485
3.46813
3.46244
3.47527
3.45271
3.4648
3.47595
3.45761
3.46426
3.45973
3.45566
3.4639
3.46316
3.46769
3.46511
3.46116
3.45446
3.47028
3.44244
3.44957
3.4544
3.46451
3.46764
3.47278
3.46788
3.45729
3.46074
3.45716
3.45315
3.44922
3.46077
3.46662
3.4625
3.46622
3.47296
3.46006
3.46567
3.46275
3.44968
3.4675
3.46332
3.45671
3.45968
3.46257
3.46681
3.45642
3.47741
3.45608
3.45229
3.48179
3.45467
3.46587
3.46713
3.45955
3.45302
3.472
3.46307
3.45481
3.47653
3.46869
3.45242
3.45654
3.4801
3.47049
3.46251
3.44493
3.45481
3.46751
3.4607
3.45291
3.46451
3.4675
3.46999
3.44888
3.46788
3.46185
3.45918
3.46034
3.47176
3.48933
3.45767
3.48064
3.45066
3.47789
3.47798
3.46325
3.46074
3.46295
0.905518
3.48328
3.43217
3.47068
3.45511
3.4776
3.46362
3.45757
3.45002
3.45382
3.47766
3.47524
3.47181
3.44698
3.4686
3.47638
3.45598
3.44617
3.46504
3.45931
3.46009
3.46097
3.44478
3.47577
3.46641
3.47024
3.47404
3.47626
3.46357
3.47379
3.45143
3.43733
3.44513
3.45851
3.45749
3.45247
3.46368
3.47238
3.45442
3.46285
3.46425
3.47925
3.47635
3.46027
3.46458
3.46523
3.46441
3.45739
3.45874
3.45021
3.46363
3.45684
3.46886
3.44599
3.47221
3.46815
3.4675
3.46746
3.48061
3.4602
0.92737
3.45795
3.4797
3.45147
3.47612
0.903155
3.45476
3.46104
3.47836
3.45209
3.47709
3.46687
3.46037
3.47207
3.46685
3.4766
3.45464
3.4581
3.46344
3.46069
3.46978
3.46556
3.4737
3.48009
3.47065
3.45234
3.47715
3.46164
3.47341
3.46801
3.4679
3.47162
3.47019
3.46076
3.45955
3.45236
3.45514
3.46789
3.45584
3.46045
3.47348
3.46599
3.4895
3.45633
3.4502
3.4584
3.43473
3.46689
3.46254
3.44859
3.46324
3.47566
3.49136
3.45846
3.46839
3.46176
3.4802
3.4679
3.46956
3.47019
3.46094
3.46939
3.45832
3.45922
3.44966
3.44816
3.44361
3.46139
3.47387
3.47773
3.46049
3.45776
3.47781
3.4581
3.4585
3.46464
3.45906
3.47215
3.47474
3.46574
3.46309
3.47859
3.47512
3.46765
0.91324
3.45889
3.46177
3.46653
3.46184
3.48394
3.47342
3.46329
3.45616
3.46163
3.47337
3.45236
3.46991
3.46926
3.44742
3.47474
3.4765
3.45612
3.46479
3.47165
3.4774
3.45583
3.47623
3.45858
3.4686
3.45962
3.4646
3.45935
3.45619
3.48145
3.45985
3.46787
3.47491
3.4551
3.46412
3.47066
3.46539
3.45703
3.46562
3.4724
3.45331
3.45718
3.46728
3.46826
3.45079
3.46371
3.4846
3.45854
3.46123
3.46348
3.47042
3.46367
3.45388
3.46062
3.44851
3.46018
3.46747
3.45656
3.46621
3.46544
3.45251
3.47392
3.45566
3.46303
3.46479
3.47245
3.46122
3.46082
3.46913
3.47526
3.45969
3.46458
3.4712
3.46303
3.44711
3.46225
3.45887
3.45769
3.45576
3.46892
3.47872
3.46875
3.46151
3.47924
3.46799
3.46126
3.45172
3.46369
3.452
3.46711
3.44759
3.45949
3.46398
3.4564
3.45877
3.46559
3.45745
3.46435
3.48109
3.47171
3.4488
3.45787
3.45316
3.47582
3.47323
3.45806
3.466
3.45176
3.45654
3.45207
3.46426
3.46625
3.48247
3.47557
3.45127
3.46837
3.47256
3.44911
3.45028
3.45273
3.45645
3.46943
3.46161
3.46681
3.47443
3.45558
3.45762
3.46484
3.45633
3.45732
3.47313
3.469
3.46205
3.45719
3.45476
3.46147
3.45697
3.4744
3.47018
3.47869
3.45907
3.44456
3.45466
3.47006
3.45976
3.46513
3.46343
0.892336
3.46356
3.4624
3.48207
3.46601
3.46592
3.46333
3.45614
3.45664
3.4654
3.4622
3.47705
3.45247
3.46909
3.47624
3.45084
3.46874
3.47689
3.46823
3.47075
3.45594
3.45724
3.45994
3.46647
3.47203
3.44528
3.46918
3.4739
3.45667
3.45761
3.46565
3.46649
3.46338
3.47111
3.47599
3.46547
3.4473
3.46118
3.45312
3.4756
3.45781
3.4558
3.46484
3.46533
3.46766
3.4705
3.46357
3.46452
3.46402
3.46155
3.46701
3.47927
3.47613
3.46222
3.47086
3.45232
3.45612
3.45554
3.44659
3.47282
3.46535
3.47233
3.45275
3.47516
3.45981
3.4745
3.46542
3.459
3.46598
3.46701
3.46859
3.47535
3.46894
3.47724
3.4575
3.46944
3.46127
3.4603
3.45128
3.45092
3.44633
3.45729
3.45941
3.46449
3.48351
3.45726
0.908347
3.47415
3.47017
3.47034
3.47627
3.4626
3.46733
3.46749
3.46768
3.465
3.47081
3.46456
3.48423
3.4752
3.46
3.45793
3.4532
3.47817
3.46347
3.46909
3.46587
3.46016
3.48302
3.46636
3.46419
3.4654
3.45687
3.47239
3.4768
3.4629
3.46519
3.46383
3.46359
3.45162
3.4484
3.4542
3.46561
3.48212
3.46425
3.45694
3.49013
3.45509
3.46173
3.47848
3.46298
3.45058
3.47526
3.46692
3.45123
3.45164
3.45192
3.49025
3.46065
3.47404
3.44946
3.47593
3.47335
3.46034
3.46162
3.45288
3.47506
3.478
3.47094
3.46588
3.45049
3.47535
3.47103
3.46582
3.47232
3.45772
3.45711
3.46159
3.46779
3.46619
3.43883
3.46779
3.46573
3.45824
3.46406
3.46075
3.44754
3.46659
3.46136
3.46669
3.47982
3.46457
3.46991
3.46448
3.45968
3.46435
3.46915
3.45449
3.46484
3.45939
3.45698
3.47554
3.44896
3.46441
3.46723
3.45489
3.46158
3.47576
3.44196
3.46365
3.4575
3.47554
3.45034
3.45496
3.46451
3.46569
3.45474
3.47147
3.45253
3.46003
3.44795
3.45755
3.47149
3.47466
3.46231
3.46531
3.4472
3.46853
3.45924
3.46754
3.45832
3.46192
3.47899
3.46733
3.4803
3.46621
3.49018
3.4583
3.45865
3.46394
3.44719
3.4759
3.46222
3.46925
3.46495
3.4497
3.46333
3.47611
3.46992
3.45629
3.45323
3.46202
3.45733
3.4779
3.45672
3.46257
3.4426
3.47307
3.48111
3.45934
3.4786
3.47206
3.4554
3.45434
3.46465
3.47209
3.46023
3.4655
3.44546
3.4439
3.46766
3.44822
3.46623
3.44676
3.47997
3.45759
3.46467
3.4583
3.45946
3.46928
3.46787
3.46532
3.45293
3.44934
3.46818
3.46834
3.45457
3.46076
3.46941
3.4745
0.891792
3.46003
3.44574
3.46762
3.46726
3.43505
3.46724
3.45562
3.45621
3.46703
3.47567
3.4685
3.46245
3.44024
3.45713
3.45182
3.47467
3.45735
3.45061
3.45854
3.46469
3.46895
3.45737
3.47028
3.47713
3.45773
3.45599
3.4625
3.47516
3.48003
3.45088
3.46651
3.47575
3.46235
3.46132
3.45166
3.44951
3.44466
3.45451
3.44951
3.44445
3.46773
3.46561
3.45874
3.45884
3.45821
3.46307
3.45454
3.45444
3.4709
3.47502
3.46185
3.45772
3.45754
3.46619
3.46769
3.45269
3.47474
3.47104
3.44239
3.45775
3.47426
3.45626
3.45902
3.47061
3.45669
3.46791
3.46952
3.47727
3.46715
3.45868
3.46577
0.935071
3.46122
3.46401
3.45277
3.47
3.45897
3.47188
3.46674
3.45283
3.46546
3.46235
3.46014
3.48326
3.46601
3.47016
3.47149
3.4647
3.47217
3.46615
3.45655
3.47218
3.46688
3.46697
3.44735
3.45449
3.45248
3.44801
3.45959
3.46497
3.4625
3.45744
3.44758
3.46466
3.46612
3.45771
3.45419
3.4802
3.46348
3.45873
0.896224
3.4611
3.47417
3.44234
3.45694
3.4629
3.47153
3.4511
3.4845
3.45637
3.46675
3.46007
3.47757
3.47545
3.45994
3.44881
3.46721
3.46578
3.45878
3.46132
3.45315
3.46243
3.44732
3.4858
3.45829
3.46463
3.46826
3.45114
3.44394
3.45107
3.45804
3.4683
3.47764
3.46462
3.45252
3.47658
3.45552
3.46124
0.900636
3.467
3.46753
3.46003
3.46221
3.46438
3.45883
3.4432
3.4599
3.46968
3.45819
3.43486
3.46097
3.47242
3.46856
3.46853
3.45706
3.46276
3.46049
3.47711
3.47388
3.45904
3.46762
3.47467
3.46858
3.45933
3.46289
3.47038
3.46936
3.46538
3.45237
3.46759
3.45318
3.48128
3.46428
3.47532
3.45
3.47185
3.4705
3.44924
3.45516
3.44802
3.45804
3.44871
3.47083
3.44634
3.45379
3.47541
3.48176
3.46087
3.4733
3.45703
3.46121
3.45639
3.47188
3.47461
3.45116
3.46154
3.46401
3.4422
3.45159
3.48094
3.4675
0.897379
3.46424
3.45833
3.44914
3.44939
3.4606
3.45104
3.47202
3.46215
3.45323
3.46147
3.45957
3.46143
3.48088
3.44841
3.46933
3.47699
3.45391
3.46746
3.47838
3.46307
3.44249
3.47711
3.46089
3.46531
3.45465
3.45539
3.46814
3.46174
3.45712
3.45533
3.46912
3.46806
3.464
3.46301
3.46252
3.44952
3.46127
3.46688
3.4727
3.45998
3.47055
3.46517
3.46672
3.46465
3.46038
3.45943
3.46942
3.46081
3.46613
3.46346
3.47003
3.46011
3.48302
3.46888
3.46394
3.46478
3.46203
3.46911
3.45882
3.45567
3.46392
3.45929
3.4575
3.46111
3.45269
3.47272
3.46726
3.45784
3.46658
3.46642
3.4551
3.45057
3.46213
3.46133
3.45139
3.44623
3.46881
3.47243
3.4547
3.46281
3.45889
3.47949
3.46347
3.46695
3.47764
3.46096
3.45695
3.46359
3.4602
3.45794
3.46108
3.46455
3.47873
3.47373
3.4726
3.46826
3.46458
3.46582
3.45607
3.45478
3.47346
3.45048
3.46499
3.46113
3.45242
3.47121
3.45481
3.44703
3.47371
3.44958
3.45317
3.45336
3.47785
3.46215
3.47603
3.47398
3.48457
3.47162
3.48187
3.47975
3.47996
3.46867
0.902579
3.46242
3.46744
0.889731
3.46335
3.47255
3.45645
3.45283
3.46637
3.46884
3.45588
3.45582
3.49101
3.4568
3.45333
3.47595
3.44924
3.45915
3.46767
3.46077
3.45348
3.46399
3.47038
3.47246
3.45762
3.45815
3.46671
3.46436
3.45444
3.45135
3.46741
3.4707
3.46092
3.45801
3.46905
3.45733
3.47081
3.45559
3.46506
3.44969
3.46529
3.46971
3.47159
3.4586
3.46176
3.46577
3.45377
3.46964
3.45796
3.47354
3.44718
3.46555
3.46917
3.46098
3.46527
3.466
3.45711
3.45335
3.45245
3.48851
3.44947
3.46732
3.45545
3.46012
3.47594
3.4678
3.46185
3.46738
3.47514
3.47103
3.45585
3.45424
3.46451
3.45721
3.45581
3.46555
3.48208
3.47601
3.46589
3.45675
3.48589
3.45443
3.4544
3.47332
3.47306
3.4579
3.46259
3.45614
3.45831
3.44647
3.45041
3.46637
3.45387
3.46692
3.47061
3.46596
3.4686
3.47788
0.881723
3.47526
3.47414
3.48211
3.47963
3.4535
3.45633
3.47146
3.46301
3.45908
3.44614
3.47504
3.46328
3.46363
3.46762
3.4663
3.45666
3.47227
0.904882
3.47279
3.46314
3.45117
3.4759
3.46091
3.45538
3.45333
3.46261
3.46576
3.4857
3.47869
3.44672
3.47349
3.4491
3.47213
3.45985
3.45293
3.4557
3.45961
3.44436
3.46935
3.4698
3.46621
3.45799
3.46071
3.48227
3.45224
3.46214
3.46423
3.44498
3.4759
3.47309
3.45896
3.47291
3.46703
3.45245
3.45779
3.46677
3.47225
3.45415
3.45772
3.46431
3.46568
3.47485
3.45549
0.90186
3.46861
3.4524
3.47483
3.45574
3.45688
3.4549
3.46084
3.46775
3.46539
3.46601
3.46029
3.47117
3.4681
3.47079
3.47684
3.44973
3.46657
3.4501
3.45276
3.46712
3.45913
3.47112
3.44142
3.45037
3.46368
3.45298
3.4557
3.46179
3.46665
3.44768
3.47355
3.45052
3.46302
3.46502
3.46498
3.46427
3.47555
3.48475
3.45054
3.46362
3.4459
3.45704
3.44836
3.46508
3.47293
3.47172
3.45966
3.45894
3.46381
3.4685
3.44913
3.46143
3.45515
3.48455
3.46735
3.4608
3.47507
3.4512
3.45571
3.46852
3.46619
3.46751
3.46293
3.45855
3.47344
3.47829
3.45854
3.46136
3.45109
3.47617
3.45316
3.47054
3.45186
3.47526
3.45161
3.46193
3.46557
3.44688
3.46601
3.44613
0.903066
3.46417
3.47828
3.44754
3.46206
3.45774
3.45754
3.45357
3.46406
3.45775
3.47175
3.4622
3.47428
3.4638
3.47593
3.47439
3.45953
3.47667
3.47181
3.4813
3.45879
3.48011
3.45429
3.44881
3.46678
3.46069
3.44244
3.44806
3.47892
3.4646
3.45583
0.888104
3.46396
3.45834
3.47532
3.47101
3.46208
3.45737
3.47397
3.44952
3.4678
3.45973
3.45891
3.45057
3.45659
3.46863
3.45767
3.46246
3.47337
3.4623
3.46469
3.4722
3.47737
3.46526
3.47607
3.45156
3.46289
3.45282
3.4627
3.47553
3.46118
3.44895
3.46441
3.46777
3.47664
3.47229
3.47401
3.46738
3.46833
3.4607
3.47058
3.46278
3.45761
3.45564
3.46057
3.45165
3.46642
3.46915
3.4683
3.45694
3.45748
3.46287
3.46008
3.4739
3.46247
3.4747
3.46649
3.46058
3.47654
3.45725
3.46098
3.46121
3.45578
3.4669
3.48103
3.45514
3.46767
3.47135
3.48077
3.46041
3.44031
3.46603
3.47824
3.46884
3.46024
3.47702
3.46812
3.46641
3.4784
3.45398
3.45882
3.46148
3.46277
3.45771
3.46286
3.45594
3.45425
3.45946
3.46568
3.4546
3.47292
3.47104
3.4597
3.46157
3.47515
3.47737
3.47419
3.46241
3.44555
3.46873
3.45849
3.46536
3.46689
3.4608
3.47098
3.455
3.47163
3.47021
3.4785
3.46613
3.45158
3.47199
3.46615
3.4558
3.47119
3.46342
3.46949
3.45139
3.46402
3.4643
3.48533
3.46561
3.45707
3.46601
3.48765
3.45369
3.45516
3.45256
3.45255
3.46776
3.46708
3.46747
3.47003
3.47164
3.49041
3.47339
3.46635
3.45617
3.469
3.47229
3.46115
3.46169
3.45706
3.45956
3.4656
3.46663
3.44856
3.45887
3.47195
3.46142
3.4547
3.45766
3.47006
3.46152
3.45761
3.46947
3.46276
3.46546
3.46327
3.46031
3.45134
3.45462
3.48397
3.48257
3.44829
3.45328
3.46403
3.46296
3.44699
3.46682
3.46053
3.46186
3.45757
3.47301
3.46928
3.44685
3.47184
3.46956
3.45974
3.45225
3.45978
3.45549
3.45989
3.46788
3.46184
3.47327
3.46325
3.45225
3.46315
3.45306
3.48277
3.47342
3.44444
3.45811
3.45484
3.46095
3.46026
3.45725
3.47299
3.45337
3.45819
3.47311
3.47642
3.47722
3.46429
3.46237
3.46237
3.44931
3.47377
3.45463
3.4607
3.44592
3.46909
3.44697
3.47087
3.4494
3.47442
3.47081
3.45524
0.893356
3.46295
3.46286
3.45759
3.46197
3.45996
3.45221
3.4658
3.47561
3.46276
3.45718
3.44731
3.45761
3.47131
3.45291
3.47873
3.4613
3.46601
3.46518
3.47748
3.46685
3.45649
3.4547
3.46838
3.4507
3.46059
3.46003
3.46557
3.47266
3.48289
3.4641
3.4551
3.46123
3.47644
3.46222
3.46759
3.44121
3.4627
3.45214
2.43407
2.44447
2.45915
2.44762
2.43815
2.43558
2.44326
2.42895
2.43276
2.43308
2.44414
2.44593
2.44557
2.43059
2.435
2.43526
2.44285
2.44474
2.43716
2.44343
2.44081
2.43197
2.45029
2.44909
2.44486
2.44038
2.44748
0.637248
2.43985
2.43821
2.4374
2.44788
2.44018
2.43662
2.43804
2.44387
2.45081
2.45381
2.43628
2.45387
2.44721
2.42788
2.44193
2.43559
2.44961
2.44566
2.43797
2.4461
2.4394
2.43711
2.43603
2.44106
2.43093
2.45226
2.42734
2.44711
2.43701
2.45931
2.44499
2.44604
2.42812
2.43382
2.4456
2.44053
2.4448
2.42994
2.44504
2.42967
2.45158
2.43038
2.44013
2.43905
2.42111
2.4376
2.43406
2.445
2.43942
2.43625
2.44462
2.43971
2.4444
2.43479
2.43878
2.43005
2.44782
2.44652
2.44962
2.44486
2.44524
2.4576
2.42892
2.43688
2.43874
2.44076
2.43169
2.43954
2.45118
2.44536
2.44675
2.44753
2.45446
2.43948
2.44396
2.44672
0.63702
2.44107
2.44097
2.4404
2.43997
2.43656
2.4461
2.44761
2.4395
2.43715
2.44126
2.44362
2.44127
2.44264
2.43867
2.43937
2.43448
2.44732
2.45086
2.44923
2.43061
2.4388
2.44881
2.45664
2.44584
2.45247
2.44018
2.4473
2.43046
2.4388
2.43976
2.44542
2.44154
2.43081
2.44533
2.43308
2.44989
2.44669
2.43619
2.43712
2.43707
2.43283
2.43702
2.44476
2.43715
2.43542
2.45293
2.45095
2.44152
2.43322
2.44939
2.45007
2.43488
2.44889
2.44213
2.44995
2.4471
2.43094
2.44219
2.43719
2.44108
2.43913
2.44998
2.43475
2.43692
2.43889
2.44608
2.4459
2.43945
2.44691
2.45364
2.44557
2.43607
2.45347
2.43584
2.45153
2.44375
2.43103
2.43913
2.43242
2.44173
2.44873
2.43631
2.43771
2.4379
------ Begin Next Fly'm ------
Running custom Workbench.lua
3.45039
3.47236
3.45849
3.45533
3.47125
3.46325
3.46385
3.47473
3.46622
3.47014
3.46773
3.46649
3.46362
3.46215
3.46317
3.46924
3.47153
3.45953
3.46562
3.45196
3.4659
3.46041
3.46108
3.45473
3.44501
3.45975
3.46327
3.47236
3.45551
3.45946
3.4549
3.4635
3.4604
3.45565
3.46791
3.47111
3.44945
3.45266
3.45661
3.45549
3.46299
3.45714
3.4651
3.45564
3.46043
3.45882
3.45144
3.44114
0.899974
3.46207
3.45773
3.47183
3.45872
3.4695
3.46341
3.47429
3.47018
3.45297
3.45518
3.45181
3.4636
3.47136
3.47204
3.46163
3.46661
3.46348
3.46688
3.4699
3.46253
3.45061
3.45773
3.45633
3.46167
3.46041
3.4607
3.47623
3.46432
3.47347
3.47037
3.45953
3.46522
3.45745
3.46614
3.47114
3.4534
3.45983
3.45674
3.47235
3.45677
3.46442
3.48916
3.47335
3.46349
3.46037
3.47991
3.46647
3.46899
3.47421
0.904559
3.46752
3.46459
3.46204
0.893215
3.46955
3.47182
3.46193
3.46435
3.48225
3.46436
3.46827
3.4533
3.47915
3.47443
3.45279
3.47374
3.46753
3.44976
3.46104
3.46157
3.44695
3.46971
3.46852
3.45841
3.46503
3.47578
3.46032
3.47869
3.45326
3.4681
3.47811
3.44905
3.45873
3.4619
3.47202
3.47604
3.45582
3.48757
3.45608
0.892471
3.45728
3.45085
0.8919
3.45871
3.47409
3.46459
3.4714
3.46183
3.46403
3.47586
3.45714
3.46114
3.45515
3.46793
3.46937
3.46974
3.45963
3.45135
3.462
3.47171
3.46468
3.45774
3.45755
3.45825
0.894071
3.46538
3.45667
3.46684
3.48609
3.46393
3.46266
3.45563
3.4704
3.46514
3.47087
3.45441
3.46926
3.45864
3.46604
3.46738
3.46184
3.46362
3.4587
3.45576
3.45068
3.44714
3.458
3.47398
3.46862
3.47631
3.47615
3.45607
3.47937
3.4623
3.45525
3.4763
3.44468
3.44901
3.44842
3.47234
3.45635
3.45868
3.46701
3.46259
3.47492
3.47155
3.46343
3.45646
3.47115
3.46498
3.47056
3.46861
3.46152
3.46773
3.45799
3.46456
3.47445
3.45819
3.45928
3.45904
3.44698
3.46211
3.47271
3.4582
3.45955
3.46917
3.45386
3.45311
3.4639
3.46552
3.47356
3.49073
3.45894
3.47489
3.46192
3.46539
3.47283
3.46289
3.46107
3.44713
3.47013
3.46972
3.46302
3.46488
3.45979
3.46929
3.46012
3.47133
3.46885
3.47602
3.46183
3.46056
3.45848
3.46108
3.46555
3.47142
3.48094
3.47419
3.45523
3.46253
3.47986
3.45989
3.44317
3.46238
3.46636
3.4581
3.44793
3.43921
3.45217
3.46179
3.45689
3.47303
3.45247
3.45729
3.4561
3.45534
3.47068
3.45432
3.43945
0.911046
3.45024
3.45806
3.45543
3.46414
3.45614
3.45657
3.44425
3.47144
3.46112
3.45429
3.47002
3.47241
3.46313
3.46209
3.46445
3.4607
3.47352
3.47283
3.47216
3.45568
3.45588
3.46196
3.47364
3.47723
3.46486
3.45243
3.46314
3.43889
3.45812
3.48017
3.46832
3.47056
3.44571
3.47379
3.45436
3.46016
3.46902
3.44863
3.46139
3.45396
3.45887
3.45771
3.47425
3.4672
3.45624
3.46042
3.46667
3.47141
3.45789
3.45793
3.45716
3.46353
3.46086
3.4788
3.46508
3.4764
3.46848
3.47355
3.4588
3.45444
3.45974
3.4749
0.906094
3.4608
3.48128
3.45718
3.47351
3.46576
3.4752
3.44015
3.46663
3.46823
3.45135
3.44888
3.49359
3.46769
3.45546
3.46335
3.45625
3.453
3.45456
3.45315
3.46317
3.45729
3.4529
3.46272
3.45764
3.45883
3.47683
3.45439
3.46165
3.45645
3.46063
3.45841
3.4533
3.45685
3.45364
3.46804
3.46331
3.46643
3.45966
3.45713
3.46683
3.44653
3.4523
3.46724
3.48471
3.45678
3.47397
3.46403
3.45604
3.45493
3.48117
3.4608
3.45707
3.47945
3.45354
3.46747
3.46128
3.46202
3.46644
3.47919
3.47027
3.45762
3.47486
3.47553
3.46357
3.46653
3.46925
3.45969
3.47633
3.46851
3.46365
3.46055
3.46153
3.45361
3.47344
3.46746
3.46568
3.4706
3.46321
3.46497
3.47899
3.47762
3.45987
3.46259
3.45883
3.4596
3.46007
3.47952
3.45593
3.47511
3.46253
3.44299
3.44676
3.45613
3.46627
3.47587
3.45547
3.45606
3.45652
3.4666
3.44715
3.45338
3.44964
3.48032
3.44657
3.47371
3.47225
3.48481
3.4508
3.47618
3.46981
3.45618
3.4652
3.45423
3.46647
3.47955
3.44931
3.46309
3.46731
3.4527
3.46018
3.46361
3.46846
3.4567
3.46067
3.4522
3.46154
3.48664
3.45469
3.47213
3.47029
3.47236
3.45852
3.48153
3.47447
3.45846
3.46479
3.46994
3.42917
3.45529
3.45426
3.46357
3.48517
3.45161
3.46602
3.47538
3.45647
3.47194
3.46698
3.46317
3.45653
3.46804
3.46635
3.49042
3.45732
3.46412
3.44625
3.48273
3.46086
3.4621
3.46741
3.47079
3.47962
3.46402
3.46871
3.46247
3.4642
3.46678
3.46631
3.46333
3.46484
3.45832
3.46691
3.46259
3.46803
3.4677
3.44867
3.45577
3.46325
3.4463
3.45583
3.45686
3.47013
3.48047
3.46488
3.44939
3.46353
3.44827
3.47988
3.45028
3.45813
3.46453
3.47088
3.46221
3.46661
3.44689
3.47083
3.46327
3.46
3.45742
3.46227
3.46118
3.4611
3.47222
3.45625
3.46153
3.46342
3.47377
3.47234
3.46904
3.45809
3.45796
3.44689
3.46993
3.4544
3.45658
3.45807
3.47353
3.46425
3.46329
3.45732
3.45086
3.45111
3.48709
3.47167
3.46763
3.47109
3.46428
3.4616
3.46963
3.46588
3.45911
3.46038
3.48196
3.46696
3.45832
3.46539
3.45799
3.46133
3.45528
3.45314
3.4709
3.47173
3.45888
3.46537
3.47596
3.45196
3.461
3.45689
3.46219
3.45899
3.44399
3.45427
3.46549
3.4502
3.45779
3.46234
3.4619
3.45648
3.45862
3.46845
0.890403
3.4788
3.4767
3.45696
3.46141
3.45921
3.47247
3.45977
3.46196
3.46393
3.47518
3.47317
3.46542
3.46384
3.46713
3.44979
3.45883
3.47786
3.46355
3.46634
3.44071
3.44634
3.46652
3.45508
3.45473
3.4483
3.45539
3.4642
3.45243
3.44259
3.46745
3.48239
3.46607
3.46904
3.45713
3.44622
3.45815
3.47994
3.45825
3.47226
3.46355
3.47317
3.46678
3.47079
3.48098
3.45341
3.45828
3.46002
3.47159
3.4588
3.45511
3.43958
3.46536
3.45791
3.46065
3.44946
3.46175
3.46687
3.45235
3.46978
3.47216
3.45391
3.45051
3.46571
3.45471
3.46797
3.46403
3.45428
3.45948
3.45689
3.45563
3.4596
3.46907
0.903465
3.45355
3.45701
3.45774
3.47634
3.48779
3.47277
3.4671
3.47897
3.46284
3.4561
3.46291
3.45855
3.46721
3.46784
3.46346
3.46571
3.46544
3.47352
3.47525
3.44793
3.4596
3.47384
3.47023
3.47025
3.47532
3.47435
3.45474
3.45796
3.47352
3.45887
3.45102
3.47424
3.46237
3.47515
3.47784
3.4635
3.4589
3.47282
3.46488
3.44974
3.47032
3.46606
3.46857
3.44708
3.44312
3.46614
3.46329
3.4735
3.46529
3.47645
3.46657
3.4631
3.47888
3.45741
3.46576
3.45709
3.46605
3.46131
3.46156
3.45457
3.46603
3.47114
3.46045
3.46235
3.47768
3.45228
3.46826
3.47995
3.44549
3.45804
3.45115
3.48615
3.45696
3.45578
3.45301
3.47245
3.46015
3.47325
3.4617
3.45979
3.46428
3.44492
3.45442
3.46854
3.46242
0.910317
3.45817
3.48742
3.45921
3.46245
3.46716
3.45565
3.45489
3.46103
3.47944
3.45736
3.46057
3.45966
3.47069
3.47597
3.46357
0.895409
3.463
3.44828
3.47446
3.48341
3.47293
3.4654
3.47244
3.46712
3.45956
3.46857
3.45516
3.48832
3.46085
3.47361
3.44709
3.45812
3.46584
3.45888
3.45332
3.47161
3.46992
3.46092
3.45604
3.44999
3.46025
3.45678
3.46537
3.44214
3.44892
3.45559
3.47634
3.46575
3.45077
3.46569
3.44025
3.48651
3.46625
3.44473
3.45347
3.45163
3.44934
3.45306
3.46483
3.46328
3.46541
3.46172
3.47097
3.45605
3.47999
3.4661
3.46943
3.46031
0.905131
3.47971
3.47734
3.46227
3.46341
3.46177
3.45087
3.45537
3.47201
3.45007
3.46813
3.44543
3.46801
3.47238
3.46412
3.46348
3.47254
3.47458
3.46296
3.45668
3.4548
3.46449
3.4547
3.46631
3.45796
3.45363
3.47666
3.45879
3.45765
3.45784
3.46594
3.48033
3.45097
3.45376
3.46999
3.46733
3.4596
3.45145
3.4658
3.45693
3.45059
3.47095
3.45945
3.46102
3.46906
3.47428
3.46228
3.4595
3.45032
3.46134
3.45497
3.45833
3.48369
3.45905
3.46843
3.47339
3.47379
3.475
3.45247
3.4646
3.46751
3.43891
3.47385
3.48153
3.45432
3.46738
3.47949
3.4721
3.48589
3.45977
3.4718
3.46283
3.45726
3.45358
3.44943
3.46158
3.48151
3.46043
3.45766
3.48245
3.46261
3.47015
3.45965
3.45762
3.46393
3.45733
3.45498
3.46097
3.46016
3.46461
3.46755
3.45203
3.46315
3.46375
3.47855
3.45066
3.45203
3.47636
3.45921
3.46788
3.46604
3.4587
3.47234
3.47496
3.47141
3.45928
3.47187
3.46086
3.45347
3.46163
3.44812
3.484
3.4602
3.46174
3.46835
3.46334
3.46773
3.46928
3.46316
3.45494
3.46049
3.46764
3.45006
3.46208
3.45419
3.46761
3.45679
3.46382
3.47274
3.45998
3.46646
3.45061
3.45702
3.47217
3.46772
3.453
3.4634
3.45845
3.47283
3.4613
3.46251
3.47113
3.46014
3.48006
3.45982
3.46136
3.45678
3.46911
3.46057
3.48037
3.47725
3.46432
3.46835
3.46006
3.46498
3.4646
3.45188
3.45822
3.45318
3.4709
3.48259
3.45932
3.47566
3.44938
3.46861
3.47303
3.46544
3.47065
3.46835
3.4645
3.46502
3.46842
3.47803
3.46469
3.47626
3.45293
3.45383
3.46573
3.45697
3.45389
3.45371
3.47889
3.46571
3.4558
3.45065
3.46077
3.45655
3.4592
3.45816
3.46559
3.45844
3.47902
3.46737
3.46095
3.46556
3.4561
3.48041
3.4729
3.44881
3.46719
3.46941
3.47971
3.46946
3.47826
3.45779
3.46847
3.45146
3.462
3.45497
3.47253
3.48694
0.884168
3.44338
3.44952
3.47144
3.44987
3.45951
3.47435
3.47495
3.46927
3.46832
3.4716
3.47007
3.46102
3.47862
3.48218
3.46315
3.45582
3.47483
3.45252
3.46527
3.46965
3.47216
3.46861
3.47403
3.46394
3.45426
3.47808
3.47152
3.47822
3.45507
3.46695
3.45337
3.46244
3.45654
3.4589
3.46698
3.46939
3.45533
3.45866
3.47241
3.4696
3.46824
3.46853
3.46728
3.46915
3.45568
3.46395
3.45505
3.4452
3.45948
3.47602
3.46165
3.47373
3.44121
3.4604
3.46926
3.48119
3.46814
3.45167
3.46498
3.46696
3.45505
3.46693
3.46897
3.46656
3.46346
3.45454
3.45568
3.47052
3.44503
3.48103
3.48112
3.47625
3.47509
3.4567
3.473
3.45359
3.46322
3.45225
3.4709
3.47102
3.47318
3.46513
3.46367
3.46084
3.47007
3.46392
3.47381
3.46106
3.45832
3.45373
3.46039
3.46996
3.46828
3.4646
3.44985
3.47515
3.44975
3.46563
3.47208
3.47007
3.46143
3.4797
3.44951
3.45586
3.46804
3.46483
3.45515
3.46359
3.46117
3.47403
3.47934
3.46546
3.4595
3.46091
3.45772
3.4697
3.47966
3.47349
3.44854
3.46278
3.4551
3.46478
3.46431
3.46896
3.44597
3.46721
3.46246
3.46646
3.46007
3.46167
3.45964
3.48921
3.46761
3.45812
3.45705
3.45373
3.46316
3.4558
3.46781
3.46603
3.47102
3.46589
3.46588
3.45517
3.46432
3.45671
3.46103
3.48065
3.45977
3.46527
3.45099
3.4644
3.47124
3.47312
3.45618
3.44856
3.46677
3.45541
3.46899
3.47553
3.45921
3.47076
3.48136
3.48164
3.46733
3.4751
3.46864
3.46765
3.48585
3.4688
3.4687
3.4592
3.46247
3.44075
3.45391
3.47953
3.45996
3.4533
3.46692
3.45826
3.43927
3.47571
3.46501
3.46255
3.46719
3.46686
3.48092
3.4585
3.45073
3.46569
3.46571
3.47411
3.45243
3.45926
3.45778
3.47733
0.890234
3.45937
3.46911
3.4846
3.45731
3.44969
3.46624
3.48023
3.46485
3.46179
3.46878
3.46553
3.45751
3.45069
3.46441
3.46573
3.45871
3.45961
3.45559
3.47214
3.46637
3.46664
3.46924
3.47351
3.48301
3.45825
3.45539
3.47412
0.887845
3.46723
3.46072
3.44703
3.45532
3.46383
3.4441
3.45486
3.46015
3.46002
3.46353
3.46293
3.47261
3.46979
3.45647
3.46355
3.4559
3.44842
3.45495
3.4632
3.43981
3.44396
3.45807
3.46798
3.4739
3.46678
3.46906
3.46362
3.46367
3.45402
3.46702
3.4683
3.46199
3.47027
3.44707
3.46384
3.45816
3.47586
3.46592
3.46894
3.4529
3.47176
3.45738
3.45259
0.898982
3.46446
3.46173
3.46917
3.47025
3.46727
3.47524
3.44944
3.47233
3.46118
3.4624
3.46607
3.46314
3.46549
3.44828
3.4702
3.4592
3.47183
3.45706
3.45861
3.46198
3.44083
3.4688
3.46999
3.48102
3.47486
3.46334
3.46918
3.46279
3.4677
3.47429
3.44901
3.45057
3.45977
3.4661
0.903036
3.47775
3.46441
3.48486
3.45456
3.47359
3.45887
3.4535
3.45873
3.4574
3.46008
3.46435
3.46703
3.46906
3.47998
3.46091
3.45582
3.46174
3.46116
3.45663
3.4513
3.47001
3.46465
3.45822
3.46885
3.4595
3.48234
3.47909
3.47178
3.46788
3.45642
3.45897
3.46462
3.46876
3.46399
3.44982
3.45099
3.46494
3.47579
3.45018
3.45612
3.46469
3.46423
3.47055
3.47719
3.46226
3.47886
3.46656
3.47073
3.47322
3.45755
3.45543
3.46256
3.44656
3.46873
3.45822
3.46975
3.45595
3.46577
3.44157
3.44338
3.46686
3.48463
3.44231
3.4615
3.46819
3.44898
3.45425
3.46939
3.47388
3.44939
3.47669
3.46855
3.4686
3.47779
3.46331
3.48356
3.46741
3.45344
3.47698
3.46722
3.46189
3.45529
3.46033
3.47036
3.46595
3.47626
3.46016
3.47811
3.45291
3.45492
3.45976
3.46786
3.46099
3.46781
3.45808
3.48303
3.46474
3.46662
3.46473
3.46953
0.89575
3.44298
3.46651
3.44807
3.45849
3.47176
3.45137
3.46302
3.46927
3.44755
3.47172
3.46663
3.46626
3.46408
3.4604
3.4556
3.4609
3.47727
3.44001
3.46386
3.46732
3.46346
3.44842
3.46357
3.47305
3.45716
3.46684
3.47096
3.47905
3.47646
3.4527
3.46127
3.46817
3.46085
3.47568
3.45587
3.4734
3.4519
3.46249
3.47406
3.46
3.45455
3.44663
3.46726
3.47942
3.47532
3.45526
3.45888
3.45937
3.46023
3.46696
3.46511
3.44703
3.46086
3.47664
3.46225
3.47533
3.47204
3.45815
3.45255
3.47159
3.46957
3.45687
3.45679
3.46615
3.46758
3.46896
3.46782
3.46766
3.46322
3.46364
3.45826
3.47142
0.898061
3.4842
3.47661
3.45244
3.46699
3.46584
3.46778
3.45681
3.46161
3.44313
3.45251
3.47353
3.44877
3.46001
3.45736
3.45994
3.47194
3.45898
3.45305
3.46122
3.46383
3.451
3.46705
3.4733
0.910149
3.45007
3.4524
3.45876
3.47164
3.47561
3.45974
3.45422
3.46378
3.463
3.46041
3.47605
3.46309
3.47739
3.47792
3.45675
3.46283
3.46319
3.46802
3.45982
3.46299
3.47473
3.46579
3.46816
3.46404
3.44692
3.4486
3.4565
3.45086
3.47446
3.48046
3.47699
3.46322
3.47002
3.45789
3.4627
3.45912
3.46685
3.46869
3.46103
3.46338
3.47457
3.46866
3.46239
3.47288
3.47392
3.4618
3.45828
3.46775
3.47075
3.4623
3.46071
3.45886
3.47218
3.46738
3.46079
3.46229
3.45723
3.45365
3.4678
3.4596
3.45715
3.45421
3.46305
3.46013
3.46594
3.46466
3.45784
3.47913
3.44807
3.46031
3.47441
3.45377
3.46527
3.46177
3.46276
3.47347
3.45438
3.44992
3.44882
3.47613
3.46987
3.45813
3.45452
3.46231
3.45137
3.46012
3.4637
3.46792
3.4606
3.45968
3.45633
3.46343
3.46462
3.46837
3.45678
3.46546
3.45651
3.46692
3.46972
3.46428
3.45323
3.45442
3.45652
3.45642
3.47128
3.46497
3.4645
3.45082
3.47133
3.45367
3.46408
3.47066
3.475
3.46605
3.47683
3.46363
3.4521
3.464
3.45397
3.44966
3.46597
3.45714
3.47289
3.46725
3.45407
3.47597
3.4508
0.900679
3.47243
3.46201
3.47028
3.46342
3.46746
3.45234
3.45935
3.46894
3.46972
3.46968
3.45161
3.46453
3.45385
3.45161
3.46161
3.45455
3.46647
3.46988
3.45249
3.46989
3.453
3.46149
3.4694
3.4647
3.46262
3.46221
3.45423
3.47336
3.4544
3.46244
3.45243
3.46913
3.45628
3.46842
3.45777
3.47162
3.4678
3.44924
3.45048
3.46831
3.44969
3.48565
3.46963
3.47301
0.896235
3.48135
3.45905
3.46905
3.46112
3.4821
3.46791
3.4502
3.45648
3.45479
3.45769
3.4655
3.43714
3.45595
3.45825
3.46794
3.4731
3.45329
3.46499
3.47244
3.4508
3.45751
3.46509
3.46797
3.46438
3.46706
3.48288
3.46039
3.46159
3.46073
3.48061
3.46165
3.47351
3.48626
3.46762
3.47835
3.45209
3.46505
3.47301
3.45851
3.46821
3.46184
3.45148
3.46915
3.46377
3.4741
3.45842
3.45973
3.47291
3.47184
3.46476
3.45927
3.46882
3.45418
3.47825
3.46342
3.46507
3.44699
3.4795
3.45383
3.45659
3.46256
3.48193
3.4731
3.46239
3.4616
3.4589
3.48098
3.47155
3.47591
3.47308
3.44617
3.46955
3.47295
3.44934
3.45901
3.48012
3.45866
3.47072
3.46451
3.45938
3.43393
3.46202
3.47061
3.47591
3.46085
3.46908
3.46345
3.44463
3.46289
3.44825
3.45412
3.47311
3.46031
3.45371
3.46014
3.46965
3.46634
3.46917
3.45591
3.4576
3.4557
3.45059
3.46679
3.48166
3.46209
3.45286
3.4719
3.45309
3.46824
3.45336
3.47877
3.46061
3.45408
3.45455
3.46071
3.45827
3.45704
3.47079
3.4524
3.47055
3.47773
0.885279
3.46109
3.45367
3.45017
3.449
3.47737
3.48176
3.47429
3.45663
3.44677
3.45879
3.46688
3.45253
3.46464
3.46217
3.45036
3.4591
3.47096
3.46145
3.4668
3.47801
3.4819
3.45661
3.46717
3.46998
3.45293
0.884858
3.47431
3.45421
3.4704
3.46889
3.46371
3.45937
3.45836
3.46896
3.45623
3.47889
3.45753
3.45152
3.46689
3.46192
3.46231
3.45699
3.46828
3.45942
3.47385
3.46572
3.45323
3.46431
3.45084
3.46041
3.44815
3.45409
3.46451
3.46608
3.46671
3.45523
3.4684
3.47868
3.48875
3.46813
3.45993
3.46227
3.45304
3.47654
3.462
3.46169
3.46567
3.46007
3.4685
3.44376
3.45851
3.46188
3.45811
3.45453
3.45738
3.461
3.47057
3.46336
3.45376
3.45373
3.45525
3.4669
3.46013
3.46859
3.46993
3.45257
3.45641
3.46925
3.4639
3.45279
3.46586
3.45788
3.45935
3.46317
3.47079
3.46213
3.47186
3.46651
3.46975
3.4752
3.44883
3.45098
3.48294
3.46495
3.46079
3.47475
3.47956
3.46368
3.46951
3.46643
3.44456
3.45961
3.4639
3.46978
3.47639
3.46133
3.45005
3.463
3.44337
3.45621
3.46415
3.46554
3.45591
3.46016
3.46637
3.44888
3.45293
3.46983
3.45584
3.45794
3.47266
3.46491
3.45958
3.46226
3.47048
3.46014
3.45343
3.45433
3.45912
3.45713
3.45522
3.46696
3.47796
3.46309
3.46905
3.44613
3.46799
3.46839
3.4697
3.45677
3.46565
3.45058
3.47692
3.45626
3.48192
3.45049
0.899661
3.44924
3.45479
3.46353
3.47077
3.45811
3.46842
3.45837
3.44833
3.47265
3.46233
3.45403
3.46597
3.45805
3.4609
3.46442
3.45342
3.47003
3.46644
3.46871
3.45876
3.46055
3.46331
3.46354
3.46657
3.46351
3.45785
3.46325
3.47222
3.45905
3.4577
3.45324
3.46594
3.44863
3.45572
3.46395
3.46532
3.47231
3.47941
3.47128
3.48397
3.45414
3.46734
3.45211
3.4603
3.47231
3.46863
3.45919
3.47907
3.46445
3.477
3.46356
3.45443
3.47366
3.45575
3.49635
3.45571
3.47191
3.46152
3.45776
3.47001
3.46046
3.44983
3.47474
3.45921
3.45283
3.47234
3.47453
3.46172
3.4806
3.46517
3.45251
3.47828
3.46559
3.45609
3.46173
3.46273
3.4631
3.45793
3.4692
3.49237
3.46299
3.45742
3.47793
3.44488
3.45237
3.47981
3.4556
3.46811
3.46105
3.46234
3.46306
3.46606
3.45081
3.46342
3.47254
3.46244
3.45312
3.45759
3.445
3.46884
3.469
3.4474
3.4714
3.45874
3.47556
3.4681
3.46565
3.45891
3.48185
3.47089
3.47031
3.45915
3.46724
3.46998
3.45444
3.45037
3.47481
3.47577
3.4649
3.45299
3.45797
3.4487
3.46195
3.47512
3.46912
3.46554
3.45426
3.45015
3.46997
3.45929
3.48307
3.45896
3.46523
3.47273
3.46037
3.45869
3.44627
3.46179
3.45565
3.45537
3.46873
3.45116
3.46482
3.4567
3.45565
3.46032
3.47576
3.47339
3.45863
3.45863
3.46879
3.45941
3.47763
3.45385
3.46036
3.46845
3.46929
3.46211
3.46581
3.46631
3.45818
3.4536
3.46274
3.45945
3.46296
3.4681
3.46779
3.44167
3.45409
3.47742
3.4714
3.46189
3.46714
3.48573
3.46163
3.46846
3.46817
3.46272
3.46777
3.46652
3.45829
3.45616
3.46031
3.47992
3.46362
3.45815
3.4654
3.47281
3.46397
3.45158
3.44638
3.4717
3.45911
3.47039
3.45368
3.4702
3.4497
3.45916
3.47827
3.47591
3.47523
3.47289
3.46587
3.47101
3.45654
3.45323
3.46984
3.4568
3.45943
3.45834
3.44517
3.4754
3.44618
3.45134
3.46208
3.46644
3.45832
3.47401
3.46018
3.4588
3.45723
3.46401
3.4642
3.45449
3.45207
3.45972
3.44692
3.45266
3.45762
3.45766
3.4954
3.44888
3.48633
3.47502
3.46488
3.46601
3.47424
3.45483
3.45882
3.46537
3.45458
3.47137
3.47388
3.46889
3.45909
3.45578
3.46067
3.47297
3.46468
3.46328
3.44341
3.46158
3.45516
3.46557
3.4647
3.46526
3.46465
3.45751
3.46247
3.45437
3.45626
3.47868
3.48554
3.46428
3.46931
3.45823
3.4807
3.44972
3.45783
3.44974
3.48982
3.47575
3.45494
3.46294
3.46553
3.47028
3.46521
3.47361
3.45273
3.46195
3.45766
3.46245
3.4578
3.47559
3.47813
3.48539
3.45333
3.46288
3.45274
3.46434
3.45148
3.47552
3.43934
3.45569
3.46891
3.47691
3.44756
3.45638
3.45706
3.45406
3.45737
3.46691
3.47721
3.46637
3.48901
3.47476
3.46455
3.45682
3.46137
3.45716
3.46199
3.4627
3.45163
3.48143
3.46758
3.45698
3.45861
3.4715
3.47229
3.45787
3.48088
3.46179
3.45014
3.46387
3.47147
3.45048
3.45302
3.46955
3.45216
3.46763
3.46459
3.45662
3.4648
3.45703
3.47634
3.464
3.45684
3.46698
3.46072
3.45462
3.46245
3.46661
0.902358
3.47887
3.44901
3.47386
3.47492
3.46567
3.46155
3.4653
3.46559
3.45748
0.887561
3.4552
3.46503
3.47648
3.46118
3.45207
3.46135
3.4536
3.46194
3.44636
3.45444
3.46678
3.45433
3.46012
3.4688
3.46492
3.4536
3.45982
3.47549
3.48826
3.45768
3.46377
3.45611
3.4651
3.46418
3.44713
3.46409
3.46339
3.47214
3.45504
3.45163
3.46984
3.46735
3.46508
3.45731
3.45153
3.47393
3.44674
3.46807
3.44817
3.48109
3.45468
3.45772
3.46268
3.45931
3.44314
3.46284
3.46582
3.46129
3.45797
3.45261
3.46549
3.46367
3.47992
3.46397
3.46174
3.47803
3.47483
3.47477
3.45838
3.47008
3.45298
3.46978
3.47039
3.45704
3.46186
3.46201
3.45704
3.46494
3.45904
3.44829
3.4734
3.4748
3.46778
3.46559
3.47373
3.48038
3.46943
3.46509
3.47443
3.45628
3.46048
3.47588
3.45625
3.45414
3.44784
3.45244
3.46289
0.893308
3.46159
3.47813
3.46801
3.45968
3.48657
3.4658
3.46399
3.46995
3.45974
3.44293
3.47932
3.45835
3.46161
3.46478
3.44983
3.46141
3.47164
3.47755
3.47483
3.46939
3.46934
3.47382
3.4613
3.45963
3.44932
3.45597
3.44525
3.4515
3.45574
3.44604
3.45374
3.46683
3.47557
3.47631
3.46108
3.47
3.46399
3.46325
3.46094
3.47676
3.48305
3.46107
3.46046
3.46039
3.44908
3.47151
3.45952
3.47934
3.46063
3.46227
3.47094
3.46352
3.45525
3.46518
3.45823
3.45106
3.45816
3.456
3.46462
3.45306
3.46813
3.46257
3.47151
3.45385
3.44664
3.45513
3.44674
3.47403
3.45874
3.47222
3.46308
3.47091
3.47454
3.44727
3.45923
3.48229
3.45076
3.4717
3.47241
3.47892
3.46668
3.45493
3.46749
3.45169
3.47367
3.46615
3.45454
3.45311
3.46596
3.46205
3.45383
3.47181
3.44752
3.46158
3.46242
3.4677
3.45539
3.45159
3.45718
3.46957
3.44566
3.4711
3.4498
3.48619
3.45462
3.45632
3.46475
3.46419
3.43885
3.46147
3.44293
3.44826
3.45056
3.4694
3.45804
3.47931
3.4689
3.47749
3.45192
3.45309
3.46198
3.47859
3.4547
3.47947
3.46451
3.45872
3.45921
3.46318
3.46622
3.4556
3.44739
3.4599
3.44461
3.47039
3.46464
3.46472
3.44509
3.4455
3.46309
3.47651
3.48539
3.45381
3.46449
3.45144
3.46501
3.4599
3.464
3.47731
3.45524
3.46248
3.46956
3.45692
3.47204
3.46579
3.46554
3.46335
3.46169
3.45281
3.45469
3.47411
3.4588
3.47102
3.45928
3.45326
3.47796
3.44928
3.45547
3.45298
3.47482
3.46869
3.46437
3.46747
3.46725
3.45796
3.45928
3.46042
3.4719
3.47129
3.46806
3.46494
3.44212
3.46201
3.45599
3.45524
3.46126
3.46119
3.45602
3.47238
3.45793
3.45907
3.4465
3.47152
3.47293
3.46607
3.45154
3.46427
3.45055
3.4702
3.44585
3.45653
3.45672
3.46196
3.45991
2.43624
2.43817
2.44549
2.44766
2.43975
2.44187
2.4559
2.43693
2.43302
2.4419
2.4432
2.44463
0.646606
2.43969
2.44128
2.44081
2.45081
2.44169
2.43207
2.44399
2.43385
2.45428
2.43139
2.43417
2.45092
2.43515
2.44652
2.4325
2.43592
2.43671
2.44711
2.43199
2.43545
2.44854
2.43658
2.43593
2.44256
2.43395
2.44378
2.44359
2.42909
2.44437
2.44598
2.43994
2.43182
2.43668
2.43309
2.43412
2.42857
2.44077
2.4401
2.44042
2.43519
2.4441
2.44133
2.44074
2.44163
2.4431
2.42435
2.44433
2.43902
2.42674
2.43856
2.44206
2.44511
2.45315
2.454
2.44831
2.4359
2.44557
2.43977
2.44323
2.44731
2.45085
2.4385
2.44218
2.44
2.44234
2.44446
2.42824
2.44132
2.44307
2.43416
2.44409
2.43354
2.44771
2.43452
2.44474
2.44369
2.44752
2.43074
2.44908
2.44268
2.44728
0.647757
2.44987
2.43468
2.43767
2.43419
2.44433
2.43423
2.43262
2.44188
2.4395
2.44652
2.43854
2.44466
2.42339
2.44218
2.44473
2.44245
2.44353
2.44248
2.43144
2.44928
2.44582
2.43476
2.44008
2.43043
2.44936
2.43452
2.43716
2.43415
2.43501
2.44627
2.44188
2.43817
2.43609
2.43912
2.44288
2.43148
2.45155
2.44193
2.43962
2.43775
2.4452
2.44093
2.43691
2.43052
2.44984
2.44546
2.43106
2.44159
2.45434
2.44409
2.43062
2.43597
2.43926
2.44104
2.43983
2.44265
2.44597
2.43981
2.44507
2.45158
2.44195
2.43389
2.43058
2.44116
2.43503
2.45106
2.4337
2.43273
2.43824
2.43078
2.4435
2.44393
2.44459
2.44335
2.43673
2.44416
2.44198
2.43919
2.43564
2.44915
2.44869
2.43447
2.44083
2.44262
2.43601
2.44091
2.43987
2.43886
2.44509
2.44389
2.44313
2.43175
2.44084
2.44926
