------ Begin Next Fly'm ------
Running custom Workbench.lua
4.13405
4.14993
4.1525
4.13049
4.15498
4.14492
4.14291
4.10984
4.12512
4.13341
4.14576
4.14155
0.945608
4.13148
4.11763
0.932469
4.15067
4.15625
4.13276
4.13281
0.934996
4.16445
4.15167
4.13317
4.14938
4.14214
4.12666
4.16766
4.14656
4.13431
4.13172
4.10183
4.13599
4.11182
4.12516
4.15405
4.15353
4.12993
4.12281
4.10606
4.15827
4.12018
0.93437
4.10205
4.144
4.14051
4.11858
4.13592
4.16682
4.15596
4.13732
4.13978
4.14236
4.13139
4.17634
4.15224
4.11604
4.15068
4.14449
4.13282
4.1431
4.16384
4.14513
4.13282
4.13481
4.14637
4.13872
4.17954
4.14445
4.17225
4.14207
4.14592
4.13869
4.15818
4.16266
4.12633
4.14351
4.14166
4.10723
4.12988
4.14894
4.16973
4.15122
4.16635
4.13002
4.09778
4.12868
4.12612
4.13731
0.947916
4.14872
0.948709
4.13917
4.1341
4.11653
4.1592
4.16825
4.14431
4.1221
4.1163
4.16031
4.16379
4.14563
0.932954
4.12667
4.15632
4.13312
4.15525
4.15561
4.12391
4.14789
4.14098
0.937737
4.12899
4.12656
4.16383
4.14694
4.13596
4.15392
4.11967
4.13917
4.11906
4.12009
4.1762
4.12685
4.12481
4.15818
4.11663
4.1528
4.14958
4.15588
4.14099
4.14381
4.15705
4.13492
4.14416
4.1429
4.15894
4.11291
4.15701
4.11979
4.14805
4.14342
4.13236
4.14259
4.12214
4.15177
4.13532
4.1364
0.939287
4.13747
4.13101
0.953692
4.14216
4.11618
4.14563
4.15992
4.14706
4.16356
4.17432
4.1719
4.15032
0.940479
4.1555
4.13525
4.14626
4.18133
4.08762
4.14278
4.16851
4.12626
4.18726
4.15816
4.15871
4.14272
0.935659
4.14362
4.13536
4.15975
4.12369
4.14592
0.949693
4.17465
0.940434
4.12371
4.15657
4.13735
4.12495
4.16894
4.14595
0.947614
4.14774
4.14863
0.936428
0.938652
4.13015
4.14603
4.14513
4.1281
4.13797
4.14251
4.13891
4.15179
4.13892
4.12177
0.941698
4.12362
4.13993
4.16311
4.14934
4.15456
4.11733
4.14342
4.12127
4.16453
0.946089
4.15119
4.15316
4.10808
4.13477
0.935713
4.13102
4.12168
4.1628
4.12993
4.14069
4.13589
4.14961
4.17218
4.12552
4.12782
4.1248
4.15343
4.13509
4.12587
4.16589
0.942537
4.12918
4.13749
4.15645
4.1378
4.12518
4.13981
4.12721
4.15577
4.15845
4.15188
4.14024
4.14311
4.14742
4.11168
4.13867
4.14281
0.944826
4.14745
4.11796
4.12409
4.1529
4.1503
4.11527
4.12791
4.12746
4.15716
4.15619
4.1439
0.948917
4.15211
4.13875
4.14866
4.15684
4.14377
4.11395
4.1282
4.1202
4.13876
4.1123
4.14721
4.1185
4.1299
4.14815
4.13761
4.13688
4.14379
4.13709
0.937122
4.14907
4.13612
4.11542
4.14556
4.15342
4.16746
4.16333
4.10432
4.10373
4.12138
4.14402
4.13458
4.16266
4.12013
4.14777
4.10069
4.14319
0.939633
4.11785
4.13023
4.11125
4.1386
4.14888
4.13554
4.13783
4.14707
0.942466
4.17479
4.13267
4.12645
4.15563
4.14068
4.15061
4.12992
4.15023
4.10556
4.13306
4.13227
4.12757
4.11518
4.15813
0.936356
4.15789
4.15062
4.115
4.13938
4.16388
4.15238
4.12999
4.13945
0.943666
4.10679
4.13183
0.955816
4.14423
4.1411
4.1237
4.1604
4.11122
4.13907
4.13772
4.15486
4.1335
0.940235
0.949693
4.10818
4.14856
4.12364
4.13633
4.14543
4.12334
4.15316
4.14837
4.14642
4.11982
4.1457
4.14014
0.953351
4.13058
4.1301
4.15751
4.16075
4.14343
4.15057
4.13528
4.15266
4.15934
4.12743
4.14324
4.16677
4.14257
4.1639
4.12788
4.16141
0.941417
4.1427
4.12052
4.12998
4.14338
4.13805
4.11873
4.16563
4.16808
4.13737
4.16304
4.14904
4.12546
4.15315
4.14312
4.14627
4.16144
4.16421
4.15207
4.13288
4.11839
4.15875
4.14264
4.10658
4.12743
4.15862
4.12808
4.15143
4.16563
4.15015
4.12536
4.15648
4.13665
4.14882
4.14591
0.940532
4.16505
4.15101
4.15836
4.16892
4.14381
4.14772
4.15848
4.14937
4.14335
4.14606
4.15712
4.15147
4.12674
4.17068
4.158
4.10911
4.16041
4.12076
4.14082
4.13903
4.12779
4.12303
4.12855
4.13101
4.12302
4.1312
4.15139
4.14656
4.13948
4.12748
4.14367
0.94454
4.16217
4.12335
4.12087
4.15581
4.15589
4.13759
4.15927
4.11724
4.14609
4.15035
4.13219
4.14911
4.14029
4.1386
4.15194
4.13124
4.17031
4.1173
4.14222
4.11481
4.13062
4.14725
4.11275
0.950351
4.11734
4.17837
4.12842
0.948673
4.16478
4.14351
4.14021
4.13893
4.15669
0.948309
4.08736
4.10744
4.12864
0.951337
4.11585
4.12742
4.11353
4.15394
4.10807
0.924485
4.15946
4.14181
4.13783
4.16654
4.12647
0.94035
4.14128
4.16086
4.15844
4.15648
4.16426
4.14903
4.11228
4.12822
4.144
4.1476
4.11301
4.152
0.9418
4.14145
4.11874
4.13913
4.1282
4.1527
4.13883
4.1342
4.1631
4.14452
4.13955
4.12572
4.1195
4.12525
4.15729
4.11156
4.15657
4.15253
4.15595
4.1411
4.1325
4.1915
4.15356
4.15501
4.12129
4.14672
4.1331
4.15729
4.17025
4.14111
4.12537
4.13619
4.15916
4.13963
4.13222
4.12077
4.13279
4.1219
4.14435
4.18108
4.1399
4.13949
4.0883
4.11349
4.15866
4.13909
4.09965
4.13217
4.126
0.946904
4.17467
4.12805
4.11915
4.15278
4.13633
0.942485
4.0946
4.15671
4.11401
4.14713
0.935387
4.13706
4.17971
4.12795
4.15182
4.11988
4.13343
4.11962
4.16324
4.13295
4.15057
4.13517
4.13461
4.14027
4.15825
4.16416
4.13186
4.14769
4.12813
4.12502
4.11955
4.13491
4.14689
4.13078
4.15768
4.14867
4.14143
4.12816
0.9367
4.12528
4.1404
4.12148
4.1167
4.17491
4.17024
4.14363
4.15311
4.12198
4.13998
4.15409
4.08974
0.949471
4.17458
4.13144
4.14277
0.93856
4.14658
4.11765
4.13127
4.1359
4.13302
0.945513
4.12761
4.15879
4.14652
4.1596
4.13294
4.13581
4.12042
0.936822
4.15868
0.94554
4.1427
4.12703
4.1492
4.16188
4.13815
4.11426
4.14196
4.12429
4.15655
4.15837
0.938878
4.17362
4.11354
4.12832
4.14166
4.1158
4.12763
4.15285
4.13707
4.145
4.12196
0.946342
4.13191
4.13002
4.15864
4.12356
0.938727
4.1492
0.944055
4.12164
4.14216
4.13797
4.12328
4.1285
0.938652
4.13981
4.13007
4.15941
0.942773
0.932854
4.14516
4.15403
4.12859
0.936452
4.08896
4.14526
4.12767
4.18901
4.14162
4.14834
4.12821
4.14216
4.11514
4.12992
4.15107
4.12994
4.11276
4.15025
0.933181
4.16713
4.15119
4.16864
4.13484
4.12901
4.13029
4.15657
0.94224
4.12488
0.942736
4.13217
4.12605
4.11567
4.10935
4.20194
4.13272
4.16268
4.13771
4.12059
4.12857
4.17477
4.1572
4.14389
4.11574
4.16581
4.11904
4.13472
4.15918
4.12556
4.1473
4.13907
4.15298
4.13649
4.13559
4.14587
4.15853
4.12485
4.14749
0.952036
4.18061
4.1696
4.1665
4.15201
4.16744
4.16583
4.13076
4.12305
0.933057
4.15847
4.13646
4.12015
4.13053
4.1578
4.121
4.12219
4.17374
4.14089
4.13734
4.13987
4.14316
4.14752
4.14863
4.12755
4.1372
4.127
4.14152
4.16432
4.1293
4.15993
4.13843
4.16261
4.14426
4.14303
4.12683
4.16482
4.15625
4.14735
4.14278
4.13
4.14519
4.13124
4.17775
4.1249
4.16064
4.13796
4.13456
4.1474
0.949881
4.11644
4.1591
4.14255
4.15182
4.10417
4.13622
4.13219
4.1441
4.17067
4.12519
4.12559
4.14589
4.13886
0.95254
4.13618
4.118
4.13407
4.13945
4.16741
4.14155
4.13472
4.12786
0.945947
4.11017
4.13556
4.15126
4.1381
4.14922
4.13643
4.15564
4.12295
4.13328
4.12182
4.14442
4.16689
4.14247
4.12199
4.12332
4.13863
4.15075
0.931399
4.14695
4.12206
4.15372
4.14098
0.94586
4.11449
4.13354
4.13114
4.14519
4.14106
4.15318
4.12462
4.12939
4.14325
4.13018
4.14127
4.16153
4.14926
4.11091
4.12549
0.936927
4.11522
4.1535
4.16429
4.14145
0.942562
4.16722
4.14589
4.14075
4.12803
4.14373
4.1285
4.11525
4.14438
4.11985
4.13914
4.13263
4.16146
4.10164
4.14812
4.15136
4.14951
4.1584
4.12941
4.15367
4.13072
4.1573
4.15722
4.15865
4.14755
4.14514
4.16773
4.13471
4.1491
4.14895
4.14122
4.12647
0.942184
4.13268
4.14219
4.1648
4.15436
4.15777
4.14639
4.13527
4.12002
4.13256
4.14034
4.16158
4.13623
0.921071
4.14692
4.12843
4.14072
4.12848
4.14486
4.13209
4.14149
4.16563
4.14045
4.16476
4.16047
0.932741
4.14826
4.1316
4.13863
4.10305
4.13251
4.14413
0.930959
4.13987
4.139
4.13475
4.11689
4.14713
4.17209
4.15601
4.13871
4.10789
4.10953
4.12797
4.14733
4.12835
4.1596
0.942093
4.11649
4.14683
4.15396
4.14324
4.15083
4.12639
4.14356
4.15885
4.15718
4.12148
4.15222
4.15141
4.16145
0.933442
4.1472
4.13588
4.1194
4.11692
4.16034
0.939289
4.11961
0.936979
4.14932
4.14835
4.16557
4.17208
4.13558
0.946159
4.15582
4.11061
4.11613
4.1312
4.15978
4.17322
4.15699
4.12834
4.14379
4.12008
4.13798
4.14037
4.14607
4.14422
4.15657
4.14389
4.12542
4.12288
4.12372
4.18839
4.13817
4.09351
4.1254
4.14066
0.937155
4.12343
4.14619
4.13446
4.15686
4.15684
4.12215
4.15209
4.14319
4.13298
4.13288
4.14446
4.14323
4.16115
4.15114
4.14063
4.09882
4.11883
4.14522
4.17132
4.12284
4.12727
4.14005
4.16675
4.12059
4.17296
0.938933
4.14985
4.12745
4.14004
4.11284
4.12742
4.14318
0.937456
4.14389
4.15108
0.945533
4.17685
4.17447
4.14893
4.15621
4.14376
4.17004
4.167
4.14253
4.12135
4.13795
0.942141
4.12652
4.12754
4.14415
4.13043
4.13139
4.10568
4.16699
4.15381
4.1367
4.10784
4.15635
4.14085
4.17504
4.15311
4.1126
0.949053
4.12552
4.12921
4.13552
4.13684
4.15449
0.935179
4.11353
4.13222
4.1627
4.15126
4.15518
4.16043
4.09952
4.11545
4.13575
4.15573
4.13042
4.14265
4.13031
4.12446
4.15155
4.1375
4.13283
4.11127
4.13464
4.14981
4.17019
4.15678
4.13247
4.13309
4.1637
4.12868
4.14702
4.15906
4.12253
4.13165
4.13558
4.16943
4.14669
4.15076
4.15112
4.15467
4.10722
4.14102
0.927459
4.1318
4.14394
4.14821
4.13638
4.15216
4.15864
0.941076
4.15265
4.14388
0.943354
4.09321
4.13782
4.17103
4.12604
4.13606
4.11948
4.16164
4.14945
4.15546
4.11705
4.1428
4.13892
0.933723
4.1491
4.14727
4.13694
4.14755
4.16469
4.12782
4.16583
4.13154
4.1529
0.929626
4.12015
4.13513
4.13943
4.12892
4.11977
4.11582
4.14767
4.12606
4.17099
4.13574
4.14025
4.16896
4.15329
4.13923
4.12207
4.15802
4.18855
0.945258
4.11312
4.16333
4.15718
4.1451
0.937508
4.15302
4.12716
4.09955
0.93559
4.14993
4.14113
4.12392
4.1138
4.15862
4.14355
4.15015
4.18214
4.13261
4.13617
4.13779
4.14824
4.14023
4.13519
0.934794
4.14162
4.14368
0.947443
4.12822
4.10054
4.13775
4.11414
4.13872
4.16412
4.13056
4.15249
4.14734
4.13672
4.13418
4.13949
4.17755
4.13692
4.12269
4.16865
4.10965
4.11996
4.15068
4.15973
4.13058
4.11569
4.12877
4.12696
4.12808
4.16186
4.15256
4.14642
4.17945
4.13493
4.17695
4.11316
4.14398
4.10605
4.15328
4.15401
4.1243
4.15611
4.14615
4.13694
4.13524
4.15819
4.13364
4.13209
0.946287
4.1159
0.937039
4.13182
4.16235
4.13711
0.932575
4.14349
4.1338
4.14142
4.13041
4.16169
4.16406
4.1195
0.940649
4.139
4.16132
4.15236
4.12353
4.1717
4.16224
4.1518
4.12658
4.13789
4.14682
4.12373
4.13466
4.15123
4.13625
4.13297
4.18043
4.14872
4.1383
0.948419
4.15658
4.14986
4.14807
0.941784
4.18415
4.11097
4.14155
4.13979
4.12755
0.943918
4.14281
4.14199
4.18341
4.15009
4.14591
4.12904
4.11812
4.14395
4.12924
4.10268
0.948905
4.13158
0.948775
4.11713
4.1477
4.15525
4.13638
4.11582
4.12668
4.13563
4.11775
4.1424
4.16761
4.1588
4.16011
0.937588
4.17076
4.13939
4.11162
4.12209
4.13484
4.14576
4.10616
4.15988
4.12608
4.13923
4.15065
4.16053
4.1508
4.12743
4.15993
4.18085
4.11005
4.11014
4.13943
4.13776
4.15385
4.15641
4.13859
4.135
4.14343
4.12311
4.13307
4.13309
0.949786
4.15191
4.15888
4.14097
4.14308
4.15153
4.11289
4.15403
4.15101
4.14358
4.1189
4.12906
4.16138
4.13079
4.15427
4.12015
4.14134
4.15577
4.12881
4.17196
4.12392
4.17944
4.15525
4.17839
0.941619
0.934671
4.12913
4.1341
4.13569
0.943917
4.13103
4.12705
4.15194
0.939432
4.12671
4.15386
4.16026
0.931814
4.15207
4.15532
0.93849
4.15612
4.1714
4.13768
4.14669
4.14483
4.12038
4.13442
4.14644
0.940427
4.12761
4.1322
4.17351
0.934138
4.14539
4.15967
4.15223
4.11608
4.12279
4.16176
4.15563
4.12575
4.13078
4.12432
4.13184
4.12994
4.15415
4.14626
4.13748
4.11184
0.942884
4.12136
4.14166
4.13512
4.15772
4.13273
4.10833
4.16672
0.931922
4.16255
4.11839
4.13598
4.12261
4.16158
4.14916
4.14279
4.12992
4.1404
4.14925
4.1572
4.16117
4.16453
4.15714
4.16135
4.12029
4.17744
4.13957
4.12462
4.11864
4.1635
4.13585
4.14907
4.13916
4.13873
4.13477
4.14026
4.13291
4.15598
4.12747
4.14038
4.13991
4.11048
4.17235
4.15869
4.17267
4.14074
4.16506
4.14031
4.10977
4.1242
4.10848
4.10534
4.17501
4.15461
4.15609
4.1431
4.12421
4.14268
4.14087
4.14114
4.11908
4.16388
4.12499
4.16701
4.15042
4.14352
4.15421
4.1848
0.933949
4.17125
4.10571
4.13119
4.1493
0.930935
4.13213
4.14726
4.14647
4.12714
4.14404
4.12629
4.16226
4.14251
4.16281
4.15393
4.14119
4.14297
4.16353
4.14028
4.15015
4.14177
4.16083
4.12223
4.16686
4.11862
4.15462
4.14454
4.15242
4.13268
4.17224
4.14631
4.14351
0.939288
4.12426
4.13139
4.14588
4.11738
4.11808
4.15846
4.12172
4.15282
4.14073
4.15718
4.13888
4.12646
4.17508
4.11259
4.13668
4.1528
4.13058
4.13513
4.11305
4.12827
4.1777
4.15721
4.14148
0.941921
4.12587
4.16909
4.17824
4.14022
4.17659
4.16919
4.16221
4.14482
4.11705
4.11366
4.13632
0.926863
4.1404
4.15772
4.15541
0.931388
4.12456
4.13196
4.16016
4.13836
4.11093
0.916982
4.15725
4.18042
0.928569
4.15093
4.14256
4.11938
0.947234
0.938617
0.932338
4.13509
4.15216
4.13255
4.12582
4.1316
4.10778
4.14909
4.1223
4.14999
4.15514
0.939035
4.16461
4.1488
4.16018
4.1511
4.1333
4.13594
4.12689
4.13474
4.15144
4.15311
4.14091
4.12888
4.14308
4.1476
4.12828
4.14963
4.11052
4.11386
4.15534
4.15691
4.12766
4.12023
4.15472
4.1535
4.13258
4.15572
4.13895
4.12384
4.13274
0.948645
4.12873
4.15425
4.14376
4.10675
4.13382
4.18607
4.12605
4.16265
4.12071
4.16509
4.17036
4.15687
4.17581
4.13954
4.14651
4.1256
4.11911
4.12889
4.15738
4.13908
4.16191
4.1457
4.1566
4.1394
4.13296
4.15223
4.12144
4.11956
4.14437
4.14918
4.14562
4.13025
4.15613
4.13278
4.14254
4.13214
4.18134
4.1231
0.949699
4.14746
4.17027
4.1078
4.1499
4.13869
4.11962
4.1493
4.12697
4.16061
4.15602
4.11451
4.15815
4.15107
4.10019
4.10604
4.17667
4.13859
4.15318
4.13896
4.13884
4.14335
4.141
0.941241
0.939525
4.12008
4.13119
4.13445
4.12602
4.13453
4.12295
0.936764
0.945913
4.18086
4.18292
4.13847
4.12806
4.15323
4.14574
4.13906
0.943986
4.15555
4.15311
4.1736
4.14104
4.12957
4.15526
4.14268
4.14292
4.13282
4.13851
4.10972
4.15052
4.14682
4.17225
4.15038
4.1258
4.13266
4.118
4.13254
4.12863
4.12633
4.13427
4.10615
4.13333
4.13476
4.12541
4.13644
0.931945
4.14162
4.10522
4.12312
4.13179
4.16929
4.16385
0.941471
4.15183
4.14833
4.12773
0.948944
4.12873
4.15666
0.941825
4.12186
4.13493
4.15187
4.17173
4.14885
4.14895
4.12342
4.15408
4.16686
0.931465
4.14307
4.14653
4.13587
4.13924
4.11548
4.14595
4.13253
4.14894
4.13801
4.132
4.14877
4.12638
4.12562
4.13948
4.15155
4.13269
4.16577
4.13458
4.1318
4.11586
4.14814
4.12449
4.12768
4.14254
4.1397
4.15465
4.12346
4.13033
4.14921
4.16342
4.14042
4.15441
0.940641
4.12255
4.12039
4.16349
4.12002
4.15674
4.13336
4.17232
4.12477
4.1422
0.954421
4.16449
4.15584
4.14216
4.13927
0.946004
4.13541
4.12546
4.15172
4.16767
4.17031
4.14708
4.11917
4.14531
4.11501
4.12949
4.14906
4.16406
4.14226
4.1434
4.14034
4.1431
4.16642
4.1701
4.16754
0.94487
4.13017
4.15411
4.10687
4.13298
4.10661
4.15851
4.16145
4.14924
4.12822
4.12338
4.13745
4.18419
4.14845
4.15857
4.1144
4.13032
4.10267
4.16136
4.14394
4.11582
4.15128
4.14869
4.186
4.17621
4.17631
0.933127
4.14422
4.14675
4.13134
4.15325
0.934238
4.14569
4.14499
4.17429
4.14618
4.15452
4.16562
4.17005
4.14727
4.12073
4.12918
4.12578
4.1627
4.12467
4.14696
4.17402
4.13822
4.17822
4.12869
4.12101
4.11493
0.940244
4.1352
0.923297
4.12493
4.13984
4.13599
4.13249
4.14946
4.13721
4.15594
4.14964
4.12835
4.139
4.11829
4.16034
4.17165
4.13986
4.14572
4.14223
4.17219
4.14207
4.17236
4.12493
4.16374
4.15178
4.14534
4.12782
4.14175
4.13051
4.13993
4.13722
4.17387
4.14124
4.17174
4.12372
4.14139
4.14554
4.14029
4.14611
4.14323
4.13239
4.1353
4.12401
4.12414
4.17632
4.12725
4.11768
4.13299
4.1203
4.1841
4.14364
4.13551
4.15904
4.14
4.12737
0.931181
4.1577
4.1505
4.11576
4.1613
4.1407
4.15405
4.14957
4.14901
4.13762
4.16966
4.142
4.14925
4.14358
4.13576
4.16085
4.13506
0.952828
4.19011
4.13322
0.941713
4.12745
4.15137
4.13467
4.14285
4.14239
4.18717
4.14092
0.940325
4.13651
4.15337
4.12492
4.147
4.15669
4.14321
4.12968
4.12469
4.14805
4.12299
4.11385
4.11925
4.12977
4.12294
4.13104
4.14808
4.14484
4.14455
4.13662
4.14625
4.16173
4.13721
4.14516
4.13699
4.12999
4.14849
4.13153
4.15641
4.13295
4.15281
4.14811
4.12287
4.14118
0.944765
0.942301
4.14228
4.15605
4.1339
4.12155
4.12698
0.95164
4.14008
0.941525
4.12137
4.14777
4.14109
4.17506
4.12979
4.1439
4.12678
4.12808
4.17671
4.15116
4.13715
4.13781
4.15145
4.13411
4.15056
4.12171
4.14619
4.11463
4.14877
4.14443
4.13115
4.12272
4.12848
4.1483
4.17303
4.18761
4.14926
4.12938
4.13797
4.16235
4.13168
4.10831
4.15523
4.13343
4.15478
4.18177
4.16844
4.15572
4.14227
4.13556
4.14385
4.13656
4.14183
4.13034
4.12503
4.10492
4.16408
4.12855
4.16946
4.17031
2.94961
2.96021
2.93815
2.94618
2.9415
2.9273
2.92458
2.96902
2.93967
2.94284
2.97325
2.95521
2.9357
2.92881
2.94293
2.96597
2.94692
2.96049
2.95333
2.96624
2.94501
2.94694
0.679689
2.92428
2.94477
2.93676
2.93024
2.94288
2.92903
2.9428
2.94793
2.93064
0.674475
2.96538
2.95175
2.95178
0.679177
2.94957
2.94629
2.93359
2.9394
2.91668
2.96631
2.97717
2.95439
0.675851
2.94584
2.95147
2.9457
2.95934
2.94237
2.96418
2.94256
2.9371
2.94552
2.94221
0.681436
2.94092
2.93997
2.95625
2.93898
2.95335
2.94002
2.93583
2.94572
2.95395
2.93747
2.95429
2.91172
2.96007
0.676963
2.95029
2.92763
2.94229
2.92227
2.93578
2.9432
2.94949
2.93118
0.683575
2.92941
2.95372
2.94748
2.96504
2.93501
0.680751
2.95517
0.678971
2.95392
2.93622
2.93743
2.92103
2.92587
2.94284
2.9288
2.93165
2.93889
2.97412
2.94867
2.92425
2.93787
2.94514
2.95231
2.92838
2.94944
2.94414
2.93921
2.94901
2.95317
2.93043
2.94212
2.94726
0.671921
2.94782
2.93351
2.93217
2.93201
2.93335
2.95758
2.94263
0.681897
2.92675
2.91163
2.94954
0.670627
2.93553
2.94697
2.94402
2.95231
2.95384
2.96852
0.688557
2.9505
2.95477
2.93237
2.96376
2.9273
2.95096
2.96361
2.94811
2.93226
0.673098
2.93905
2.97361
2.95314
2.93853
2.95006
2.93032
2.93412
2.93579
2.94785
2.92079
2.95874
2.94527
2.93942
2.95854
2.92488
2.94694
2.95207
2.93629
2.95075
2.95889
2.93931
2.93694
2.94027
2.93119
2.97072
2.95748
2.9271
2.95904
2.93534
2.93074
2.95541
2.9287
2.93601
2.94534
2.95909
2.9605
2.9891
2.9428
2.93537
2.95192
0.687453
2.96763
2.93728
2.95581
2.93085
2.9477
2.92893
2.93587
2.94542
2.92412
2.95031
2.92829
0.679598
2.9342
2.94036
0.675925
2.94274
2.97187
2.93693
0.692364
2.92994
2.92751
2.94179
2.93697
2.92083
2.93293
2.93542
2.9567
2.94157
2.94227
0.683768
2.92696
2.92904
2.9486
2.9476
2.94815
2.92836
0.675226
2.93388
2.96331
2.95704
2.94596
2.92339
2.93038
2.91108
2.96072
2.94579
2.92471
2.94658
2.96303
2.95703
2.94272
2.94577
2.93257
2.93711
2.94445
2.95027
2.96799
0.680733
2.94849
2.95345
2.9537
2.9295
2.94794
2.94624
2.95486
2.93868
2.94586
2.95337
0.679568
2.9563
2.95163
2.93267
2.91889
0.683801
2.93514
2.93065
2.94036
2.94142
2.948
2.93489
2.94606
2.96173
2.94251
2.91764
2.94215
2.95564
2.92934
2.93787
2.92641
2.93667
2.92513
2.93478
2.93655
2.94405
2.95047
2.92558
2.94288
2.94503
2.95944
2.93345
2.95209
2.95075
2.95856
0.68214
2.92797
2.95848
2.95633
2.94804
2.94393
2.93173
2.94395
2.94249
2.95003
2.97094
2.95952
2.96033
2.93412
2.93105
2.95586
2.94003
0.679937
2.93662
2.92654
2.94351
2.95449
0.679944
2.95138
2.94997
2.95233
2.95632
2.92666
2.94147
2.93979
2.95504
2.9465
2.94835
2.94704
2.9287
0.681401
2.93265
2.93317
0.687396
2.94785
2.93822
2.93986
2.96817
2.92336
2.95092
2.94718
2.94153
2.95064
2.96233
2.93732
2.9233
2.94609
2.94205
2.92701
2.95863
2.92557
2.95647
0.679956
2.95271
2.92069
0.671253
2.93772
2.95603
2.9347
2.94572
2.93308
2.95025
2.93901
2.94605
2.97837
2.94592
2.9385
2.93753
2.94331
2.95117
0.672968
2.92944
2.94367
0.676346
0.676036
2.93937
2.92425
2.93076
2.95255
2.95706
0.674844
2.92497
2.92919
2.94577
2.94144
2.9436
2.95923
2.9526
2.92523
2.93878
2.93165
2.9429
0.675029
2.94396
2.95349
2.9524
2.95086
2.95118
2.95047
2.96933
2.94075
2.95277
2.94303
2.9472
2.94621
2.94996
2.95447
2.93805
2.95102
2.94433
2.94591
2.9376
2.93939
2.93337
2.91016
2.92914
2.92656
2.93725
0.686279
2.93566
2.95829
2.95811
2.95064
2.93217
2.94181
2.94587
2.93708
2.9662
0.682896
2.9238
2.93977
0.675677
2.93629
2.91856
2.93911
2.94246
2.93188
0.681792
2.9489
2.93095
2.93178
2.94254
2.93414
2.92446
2.93446
2.94166
0.688451
0.683906
2.92967
2.9569
2.95126
2.94478
2.9403
2.93433
2.96429
2.93852
2.93473
2.95185
2.95034
2.94649
0.681689
2.92777
2.93922
2.93906
2.94911
2.92788
2.94048
2.95424
2.94998
2.9399
2.94595
2.95352
2.93163
2.95497
2.94506
2.92348
2.93915
2.93806
2.94087
0.684885
2.92897
2.95622
2.95451
0.68215
2.94749
2.94834
2.96833
2.94237
2.92824
2.94049
2.94461
2.93128
2.92992
2.95383
2.94526
0.68463
2.94037
2.93833
2.93413
2.93736
2.93697
2.9371
2.96729
2.93993
2.93575
2.94937
0.6745
2.96261
2.93316
2.96011
2.93415
2.9351
2.93661
2.97196
2.9625
2.94871
2.93376
2.93848
0.683198
0.684721
0.680372
2.93789
2.94414
2.94296
2.92607
2.93819
2.95668
2.92627
2.9284
2.93988
2.96004
2.91331
2.93418
2.97969
0.685213
2.9667
2.94578
2.93049
2.93604
2.94896
2.93521
2.93109
2.9457
2.94081
0.680884
2.93743
2.94486
2.93397
2.93998
2.93459
2.92258
2.94648
2.9394
2.9332
2.95032
2.94421
2.94169
2.94579
0.689264
2.95063
2.94375
2.95326
2.93821
2.92604
2.94262
2.93365
2.94003
2.93984
2.94476
2.95418
2.94595
2.95605
2.9297
2.95231
2.94274
2.94396
2.96258
2.95759
2.93924
2.94233
2.95696
0.675898
2.95021
2.93295
2.94738
2.96502
2.93713
2.93051
2.95766
2.94937
2.9483
2.95832
2.93104
2.96341
2.9333
2.9362
2.95827
2.9515
2.95469
2.93603
2.94031
2.94467
2.95717
2.94584
2.94677
2.95788
2.95284
2.94307
2.92475
2.96909
2.95497
2.9435
2.93754
2.95585
2.93043
2.94439
2.95701
2.94922
0.679887
0.688757
2.9388
2.94113
2.93084
2.93952
2.93619
2.94812
2.95012
2.94823
2.9413
2.95524
2.94696
2.94901
2.93426
2.94652
2.93491
2.92741
2.94218
2.94306
2.94956
2.94209
2.93221
0.680723
2.93524
2.95439
2.92123
2.9451
2.93986
2.92174
2.93523
2.93344
2.93809
2.96321
2.94869
2.94892
2.92724
2.93981
0.684295
2.9408
2.94454
2.95668
2.93074
2.93337
2.93537
2.95032
2.93282
2.94622
2.95896
2.96231
2.93802
2.95753
2.94315
2.9515
0.677074
2.94311
2.94785
2.92812
0.676057
2.94205
2.95366
2.93353
2.93997
2.92792
2.95914
2.93003
2.93683
2.94677
2.95156
2.95545
2.95569
2.95836
2.91777
2.9401
2.93697
2.92434
2.95201
2.90954
2.93131
2.94228
2.95117
2.92929
2.94123
2.93916
2.92634
2.94142
0.686428
2.93984
2.92695
2.94531
2.93061
2.94246
2.94701
2.95367
2.93798
2.94808
2.91594
2.93897
2.95214
2.93187
2.94791
2.9556
2.96264
2.95565
2.92073
2.94817
2.91948
2.94787
0.688283
2.952
2.94441
0.684968
2.93075
2.95335
2.94083
2.94205
2.93402
2.94895
2.9305
2.94366
2.93801
2.95289
2.94704
2.96282
2.93193
0.676753
0.6742
2.95772
2.94237
2.93362
2.95957
2.94735
2.95427
2.94624
2.93171
2.96104
2.95241
2.93442
2.94367
2.95755
2.93871
2.93327
2.98004
2.97314
2.94406
2.93642
2.95768
0.683347
2.9443
2.96142
2.97147
2.94593
2.96756
2.95342
2.93406
2.93644
2.93345
2.93317
2.95886
2.94826
0.681244
2.96075
2.96445
0.681956
2.93841
2.96187
2.94225
0.683966
2.94579
2.93618
2.94726
2.93859
2.93379
0.676267
0.684259
2.92265
2.92498
2.94777
2.93189
2.94757
2.9363
2.95262
2.94124
2.94421
0.683478
2.9307
2.93758
2.96331
2.92792
2.94293
0.682667
2.95329
2.93047
2.94121
2.94772
2.93343
2.9544
2.93729
2.97069
2.93957
2.92838
2.94309
2.95597
2.9378
2.93819
2.96166
2.93619
2.95432
2.94342
2.9376
2.93781
2.94548
2.97535
2.93099
2.94846
2.92867
2.96222
2.93541
2.9402
2.95683
2.962
2.94417
2.96354
2.93767
2.95769
2.92946
2.96059
2.93745
2.93137
2.9576
2.9541
2.92055
2.92185
2.93198
2.94714
2.9392
2.92945
2.93747
2.95117
2.95001
2.96041
2.94048
2.95022
0.679981
2.94742
2.95593
2.94499
2.94701
2.95221
2.93838
2.94738
2.92481
2.94649
2.95218
2.96622
2.96049
2.94804
2.95988
2.96375
2.94397
2.94252
2.94213
2.97251
2.96565
2.94762
2.94116
2.96131
2.94273
2.95098
0.683667
2.97502
2.95767
2.95142
2.93164
2.9477
2.94018
2.94142
2.9562
2.94582
2.9186
2.95272
2.91936
2.94059
2.96476
2.96365
2.94894
2.90932
2.95508
2.94978
2.95522
2.92238
2.94433
2.92994
2.95033
2.94703
2.93276
2.92176
2.93947
2.95251
2.93749
2.92472
2.95743
2.96129
2.92225
2.94255
2.92304
2.93172
2.94002
2.96342
2.95056
2.95415
2.93435
2.93535
2.9408
2.94056
2.93295
0.675018
2.9708
2.93865
2.94862
2.93133
2.9381
2.94829
2.94957
2.94176
2.97227
2.98284
2.95946
2.95706
2.95206
2.95762
2.94762
2.95165
2.94818
2.94644
2.94826
2.94632
2.92884
2.94532
2.95343
2.95531
2.91512
2.91635
2.94331
2.9322
2.91707
2.94604
2.94958
2.92746
2.94351
2.9609
2.93415
2.96247
2.96594
2.94386
2.9421
2.96117
2.93787
2.94806
2.94568
2.97539
0.681035
2.93855
2.95286
2.94964
2.95052
2.95425
2.96279
2.92665
2.95061
2.96119
2.94612
2.95652
2.94197
2.95659
2.94267
2.94994
0.687049
2.95717
2.93005
2.9418
2.93827
2.92516
2.93977
0.675152
2.95948
2.94278
0.666808
2.92101
2.93596
2.93167
2.92375
2.95373
2.97348
2.95594
2.93748
2.92946
2.94409
0.677814
2.95246
2.93243
2.9328
2.96046
2.9452
2.94896
2.93587
2.94132
2.94046
2.90682
2.95555
2.95612
2.93109
2.92684
2.95118
2.94058
2.9628
2.95184
2.94366
2.94372
2.93705
2.937
2.9424
2.95239
2.94187
2.93775
2.93583
2.97058
2.94934
0.677828
2.93883
2.95895
2.92911
2.94759
2.9363
2.96749
2.97297
2.93529
2.93869
2.92152
0.685036
2.91656
2.94843
2.94652
2.9606
2.94365
2.93742
2.92564
2.96613
2.92534
0.687393
2.92909
2.94843
0.685454
2.94996
2.93336
2.93135
2.9749
2.96715
2.9595
2.93099
2.94101
2.94282
2.93635
2.93754
0.683033
2.93394
2.9626
2.94427
2.94556
2.91843
2.9525
2.93212
2.94727
2.92782
2.96327
2.95334
2.93753
2.94662
2.95155
2.93652
2.94336
2.94018
2.92991
2.94901
2.93257
2.97186
2.93164
0.678975
2.94942
2.94331
2.92757
2.94985
2.93974
2.93485
2.93298
0.684368
2.94833
2.94794
2.96391
2.95397
2.94312
2.95179
2.96192
2.94442
2.959
2.94144
2.93665
2.96591
0.680559
0.67698
2.93639
2.93928
0.672673
2.92797
0.676382
2.95535
2.94951
2.94384
2.94775
2.94914
2.9499
0.680504
2.95816
2.9525
2.93194
2.93608
2.9534
2.92327
2.93108
0.681618
2.95261
2.94961
2.94595
2.93017
2.93812
2.94352
2.9666
2.93317
2.95266
2.95457
2.94579
0.683123
2.9418
2.9291
0.680605
2.95001
2.93671
2.95071
2.93966
2.91992
2.93454
2.94639
0.676783
2.93888
0.681214
2.94742
2.92891
2.9318
0.679197
2.96408
2.93993
2.9581
2.94205
0.679655
2.95613
2.95328
2.95286
2.94099
2.95073
2.94856
2.93683
2.95165
2.95556
2.942
2.94785
2.92231
0.690395
2.96484
2.95297
2.92553
2.93208
2.94981
2.93678
2.92878
2.93107
2.94296
2.94885
2.92336
2.95021
2.91687
0.680411
2.93988
2.94447
0.678405
2.94819
2.94344
0.689411
2.94268
2.93848
2.9176
2.94468
2.91845
2.94778
2.94062
2.95534
0.678363
2.92525
2.95436
2.92818
2.93274
2.94534
2.94003
2.96219
2.96636
2.93452
2.94167
2.93384
2.96728
2.95161
2.94033
2.95413
2.93572
2.95308
2.94505
2.9623
2.94732
2.93534
2.94617
2.95232
2.95881
2.93669
2.96675
0.674576
2.93774
2.93924
2.95892
2.96526
2.96145
2.96364
2.93758
2.91737
2.94885
2.95951
2.94728
2.9651
2.97508
2.92399
2.93355
2.96133
2.95308
2.91591
2.93535
2.93687
2.95152
2.94804
2.96293
2.97083
0.687521
2.94218
2.95568
2.93107
2.9301
2.95517
2.96596
2.94034
2.92608
2.9523
2.95555
2.93129
2.93196
2.94512
2.94711
2.95217
2.93463
2.94723
2.94867
2.95147
2.95441
2.91803
2.93964
2.92736
0.680779
0.679393
2.94164
2.94429
2.96235
2.94264
2.94405
2.94413
2.95437
2.96325
2.95521
2.93294
2.9515
2.95166
2.93122
2.97986
0.677228
2.96268
2.95394
2.9509
2.94252
2.97015
2.93996
2.93682
2.96076
2.94335
2.93958
2.93894
2.95029
2.94042
2.95736
2.95489
2.94824
2.94816
2.92282
2.94987
2.94879
2.95583
2.9297
2.9488
2.92952
2.96432
2.93092
2.91518
2.94313
2.93858
2.91272
0.681765
2.95304
2.92919
2.92849
2.94044
2.95323
2.92694
0.687395
2.94229
2.94934
2.94435
2.92624
2.95864
2.95887
2.94928
2.96083
2.93587
0.676328
2.92238
2.91015
2.9322
2.93038
2.94739
2.93314
2.95409
2.94051
2.9285
2.94943
2.95085
2.95851
2.93778
2.96042
0.678718
2.92745
2.95748
0.680055
2.93555
2.94143
2.949
2.93453
2.93666
2.93979
2.94948
2.94735
2.96493
2.94649
2.98153
2.95026
2.96424
2.95416
2.95013
2.95818
2.93114
2.92881
2.96567
2.9608
2.94424
0.677286
0.686437
2.95751
2.91651
2.93436
2.93606
0.688702
0.680114
2.96007
2.93433
2.93933
2.94207
2.95428
2.94823
2.94418
0.680258
2.95518
2.94393
2.9404
2.93789
2.92762
0.676705
2.92205
2.94082
2.94738
2.96951
2.95968
2.93962
2.93025
2.95056
2.93685
2.95304
2.94127
2.94692
2.95085
2.95829
2.94632
2.94104
2.95074
2.95255
2.93051
2.95112
2.95124
2.94795
0.679625
2.9325
2.9394
2.95289
2.94741
2.95094
2.92227
2.95371
2.93269
2.93194
0.678493
2.93575
2.95288
2.94055
2.94151
2.95206
2.94162
2.94171
2.95025
2.92192
2.96274
2.94831
2.94064
2.95053
2.96149
2.94059
0.679111
2.93978
2.93293
2.95062
0.67885
2.96315
2.95063
2.95978
2.94724
2.95
0.678951
2.9148
2.9405
2.9501
2.92586
2.96558
2.95567
2.9451
2.92968
2.93445
2.94395
2.94989
2.92922
2.94189
2.96257
2.92357
2.96028
2.96977
2.92434
2.94413
2.93011
2.94551
2.93809
2.9272
2.94507
2.95341
2.94693
2.93171
2.93923
2.92148
2.95392
0.677892
2.92689
2.95724
2.93743
2.93402
2.94376
2.94457
2.94706
2.93462
2.95205
2.9436
0.674172
0.677207
2.94278
2.95658
2.94064
2.94747
2.94434
2.94201
2.94798
2.93934
2.92377
2.93196
0.677983
2.91024
2.93011
2.92958
2.92484
2.93287
2.94689
2.95765
2.93998
2.9295
2.93421
2.9342
0.678417
2.92687
2.92415
2.95558
2.95467
2.96049
2.94947
2.9475
2.93595
2.94714
2.9401
2.93084
2.94535
2.94526
0.687227
2.95864
2.94115
2.94492
2.93713
2.94957
2.9353
2.93754
2.94189
2.93358
2.95986
2.95227
2.93703
2.93551
2.95255
2.93532
2.95705
2.94254
2.922
2.95319
2.93348
2.95477
2.9425
2.95194
2.94935
2.95726
2.95409
0.682539
2.93981
2.95012
2.95672
2.9352
2.96428
2.95626
2.95718
2.97043
2.95596
2.95865
2.95777
2.93954
2.94331
2.94188
2.94603
2.95749
2.93738
2.91954
2.93399
2.95218
2.93827
2.94161
2.96064
2.92966
2.93652
2.94805
2.95132
2.95143
2.94962
2.9339
2.93687
2.92956
2.94233
2.94344
2.94707
0.678118
2.96847
2.95933
2.93894
2.95163
2.94633
2.93102
2.95977
2.94078
2.93174
2.96396
2.95132
2.94137
2.9426
2.95913
0.680273
2.93069
2.94298
2.91683
2.94546
2.94683
2.9202
0.686702
2.93315
2.93281
2.94337
2.93504
2.93169
0.682064
0.676648
2.95364
2.94418
2.95656
2.95429
0.689827
0.685259
2.94344
2.93945
2.91802
2.96224
2.9789
2.95518
2.96021
2.93965
2.9491
2.97469
2.94623
2.95023
2.95445
2.9336
2.94453
2.97301
2.95231
2.93704
2.94106
2.93633
2.94467
2.94838
2.93232
2.91255
2.93951
0.680451
2.94956
0.680043
2.93269
2.95087
2.94798
0.678801
2.95954
2.91964
2.93394
2.92686
2.93924
2.96331
2.95295
2.93581
2.9611
2.93722
2.93974
2.93669
2.94683
2.93409
2.95209
2.94685
2.94157
2.96056
2.94379
2.94998
2.93801
2.924
2.97384
2.9267
2.93872
2.93707
2.95313
0.682624
2.96109
2.94329
0.675273
2.93272
2.9537
2.93268
2.94423
2.93143
2.94283
2.92965
2.93322
2.9382
2.96285
2.94053
2.94797
2.94488
2.96176
2.94218
0.672856
2.9533
2.94856
2.94475
2.96524
2.95787
2.92067
2.95488
2.92454
2.93432
0.671613
2.94407
2.9424
2.93881
2.94078
2.91951
2.96146
2.93995
0.679046
2.93835
2.96973
2.95675
2.95115
2.94627
2.92824
2.94703
2.95316
2.94741
0.685925
2.92596
2.96085
2.91954
2.93406
2.93664
2.96864
2.95976
2.94301
2.92327
2.95315
2.94512
2.9284
2.9324
2.96417
2.92306
2.92584
2.93757
2.95594
2.93911
2.92905
2.96492
2.95368
2.9519
2.92992
2.92426
2.96927
2.95961
2.93542
0.675628
2.94497
2.93038
2.91886
2.94407
2.9468
2.94597
2.96098
2.95325
2.94389
2.93584
2.94885
2.93713
2.95618
2.92967
2.94627
2.95725
2.9396
2.94041
2.94739
2.94042
2.95422
2.93193
2.94475
2.96247
2.9215
2.92324
2.9481
2.94543
2.95271
2.93667
2.92204
2.94582
2.94063
2.94021
2.93718
2.95602
2.93333
2.94737
2.94231
2.94729
2.95058
2.93365
2.95644
2.9436
2.93762
2.91887
2.93601
2.93501
2.95325
2.9441
2.94694
2.94374
2.95148
2.94182
2.93812
2.95525
2.93884
2.94034
2.94033
2.94353
2.9335
0.680344
2.95715
2.92993
2.95793
2.95144
2.90939
2.95926
2.93361
0.680358
2.91404
2.93242
2.93933
2.95317
0.681119
2.93128
2.9186
2.93214
2.93862
2.94898
2.93745
2.9568
2.95535
2.92157
2.91657
2.94875
2.92781
0.686149
0.67884
2.93679
2.94462
2.92178
2.92379
2.95882
0.68566
2.93408
2.9423
2.97483
2.95171
2.94489
2.95249
2.93518
2.95454
2.94321
2.95404
0.680367
2.94115
2.93542
2.96331
2.93514
2.96393
2.92361
2.93243
2.93818
2.93834
2.94899
2.95798
2.9251
2.94192
2.94862
2.9388
2.95442
2.94222
2.94112
2.94823
2.93148
2.95976
2.94458
2.96256
2.95237
2.91927
2.93771
2.9421
2.92287
2.94661
2.94407
2.93639
2.94432
2.94539
2.9605
2.93667
2.93993
2.95108
2.92697
2.94915
2.93565
2.94862
2.9415
2.93622
2.93914
2.94039
2.94307
2.96153
2.93607
2.97071
2.95635
2.94889
2.96366
2.97016
2.94238
2.94078
2.94167
2.9328
2.95313
2.93654
2.9664
2.94063
2.92554
2.9327
2.94052
2.93829
2.95386
2.94899
2.93921
0.678878
2.95806
0.681564
2.92106
2.95157
0.681465
2.94513
2.93943
2.96809
2.93333
2.93447
2.9677
2.93901
2.94429
2.94853
2.94962
2.94097
2.93491
2.92893
2.97613
0.683407
0.672121
2.96001
2.94546
2.9427
2.94466
2.93397
0.679384
2.93802
2.93347
2.93671
2.92909
2.94728
2.93804
2.9523
2.94564
2.95475
